date,date,price,signal,MA_trend,MACD_signal,RSI_signal,STOCH_signal,CCI_signal
2014-01-02,2014-01-02,4422.0,HOLD,,,,,
2014-01-03,2014-01-03,4500.0,HOLD,,BULLISH,,,
2014-01-08,2014-01-08,4450.0,HOLD,,BULLISH,,,
2014-01-09,2014-01-09,4400.0,HOLD,,BULLISH,,,
2014-01-10,2014-01-10,4455.0,HOLD,,BULLISH,,,
2014-01-13,2014-01-13,4401.0,HOLD,,BULLISH,,,
2014-01-14,2014-01-14,4430.0,HOLD,,BULLISH,,,
2014-01-15,2014-01-15,4430.0,HOLD,,BULLISH,,,
2014-01-16,2014-01-16,4402.0,HOLD,,BEARISH,,,
2014-01-17,2014-01-17,4420.0,HOLD,,BEARISH,,,
2014-01-20,2014-01-20,4430.0,HOLD,,BEARISH,,,
2014-01-21,2014-01-21,4420.0,HOLD,,BEARISH,,,
2014-01-22,2014-01-22,4420.0,HOLD,,BEARISH,,,
2014-01-23,2014-01-23,4421.0,HOLD,,BEARISH,,,
2014-01-24,2014-01-24,4450.0,HOLD,,BULLISH,,,
2014-01-27,2014-01-27,4450.0,HOLD,,BULLISH,,,
2014-01-28,2014-01-28,4421.0,HOLD,,BULLISH,,,
2014-01-29,2014-01-29,4450.0,HOLD,,BULLISH,,,
2014-01-30,2014-01-30,4500.0,HOLD,,BULLISH,,,
2014-01-31,2014-01-31,4450.0,HOLD,BEARISH,BULLISH,,,
2014-02-03,2014-02-03,4413.0,HOLD,BEARISH,BULLISH,,,
2014-02-04,2014-02-04,4412.0,HOLD,BEARISH,BULLISH,,,
2014-02-05,2014-02-05,4412.0,HOLD,BEARISH,BULLISH,,OVERSOLD,
2014-02-06,2014-02-06,4420.0,HOLD,BULLISH,BEARISH,,OVERSOLD,
2014-02-07,2014-02-07,4450.0,HOLD,BEARISH,BULLISH,,,
2014-02-10,2014-02-10,4450.0,HOLD,BEARISH,BULLISH,,,
2014-02-11,2014-02-11,4453.0,HOLD,BEARISH,BULLISH,,,OVERBOUGHT
2014-02-12,2014-02-12,4450.0,HOLD,BEARISH,BULLISH,,,
2014-02-13,2014-02-13,4451.0,HOLD,BEARISH,BULLISH,,,
2014-02-14,2014-02-14,4450.0,HOLD,BEARISH,BULLISH,,,
2014-02-17,2014-02-17,4450.0,HOLD,BEARISH,BULLISH,,,
2014-02-18,2014-02-18,4451.0,HOLD,BEARISH,BULLISH,,,
2014-02-19,2014-02-19,4499.0,HOLD,BEARISH,BULLISH,,,OVERBOUGHT
2014-02-20,2014-02-20,4499.0,HOLD,BEARISH,BULLISH,,OVERBOUGHT,OVERBOUGHT
2014-02-21,2014-02-21,4500.0,HOLD,BEARISH,BULLISH,OVERBOUGHT,OVERBOUGHT,OVERBOUGHT
2014-02-24,2014-02-24,4500.0,HOLD,BEARISH,BULLISH,OVERBOUGHT,OVERBOUGHT,OVERBOUGHT
2014-02-25,2014-02-25,4500.0,HOLD,BEARISH,BULLISH,OVERBOUGHT,OVERBOUGHT,
2014-02-26,2014-02-26,4500.0,HOLD,BEARISH,BULLISH,OVERBOUGHT,OVERBOUGHT,OVERBOUGHT
2014-02-27,2014-02-27,4500.0,HOLD,BEARISH,BULLISH,OVERBOUGHT,OVERBOUGHT,
2014-02-28,2014-02-28,4500.0,HOLD,BEARISH,BULLISH,OVERBOUGHT,OVERBOUGHT,
2014-03-03,2014-03-03,4520.0,HOLD,BEARISH,BULLISH,OVERBOUGHT,OVERBOUGHT,OVERBOUGHT
2014-03-04,2014-03-04,4500.0,HOLD,BEARISH,BULLISH,OVERBOUGHT,,
2014-03-05,2014-03-05,4500.0,HOLD,BEARISH,BULLISH,OVERBOUGHT,,
2014-03-06,2014-03-06,4520.0,HOLD,BEARISH,BULLISH,OVERBOUGHT,OVERBOUGHT,OVERBOUGHT
2014-03-07,2014-03-07,4550.0,HOLD,BEARISH,BULLISH,OVERBOUGHT,OVERBOUGHT,OVERBOUGHT
2014-03-10,2014-03-10,4550.0,HOLD,BEARISH,BULLISH,OVERBOUGHT,OVERBOUGHT,OVERBOUGHT
2014-03-11,2014-03-11,4500.0,HOLD,BEARISH,BULLISH,,,
2014-03-12,2014-03-12,4600.0,HOLD,BEARISH,BULLISH,OVERBOUGHT,,OVERBOUGHT
2014-03-13,2014-03-13,4595.0,HOLD,BEARISH,BULLISH,,,OVERBOUGHT
2014-03-14,2014-03-14,4640.0,HOLD,BEARISH,BULLISH,OVERBOUGHT,OVERBOUGHT,OVERBOUGHT
2014-03-17,2014-03-17,4700.0,HOLD,BEARISH,BULLISH,OVERBOUGHT,OVERBOUGHT,OVERBOUGHT
2014-03-18,2014-03-18,4650.0,HOLD,BEARISH,BULLISH,,,OVERBOUGHT
2014-03-19,2014-03-19,4600.0,HOLD,BEARISH,BULLISH,,,
2014-03-20,2014-03-20,4600.0,HOLD,BEARISH,BULLISH,,,
2014-03-21,2014-03-21,4600.0,HOLD,BEARISH,BULLISH,,,
2014-03-24,2014-03-24,4601.0,HOLD,BEARISH,BULLISH,,,
2014-03-25,2014-03-25,4600.0,HOLD,BEARISH,BULLISH,,,
2014-03-26,2014-03-26,4602.0,HOLD,BEARISH,BULLISH,,,
2014-03-27,2014-03-27,4651.0,HOLD,BEARISH,BULLISH,,,
2014-03-28,2014-03-28,4650.0,HOLD,BEARISH,BULLISH,,,
2014-03-31,2014-03-31,4650.0,HOLD,BEARISH,BULLISH,OVERBOUGHT,,
2014-04-01,2014-04-01,4601.0,HOLD,BEARISH,BULLISH,,,
2014-04-02,2014-04-02,4648.0,HOLD,BEARISH,BULLISH,,,
2014-04-03,2014-04-03,4600.0,HOLD,BEARISH,BULLISH,,OVERSOLD,
2014-04-04,2014-04-04,4551.0,BUY,BULLISH,BULLISH,OVERSOLD,OVERSOLD,
2014-04-07,2014-04-07,4500.0,BUY,BULLISH,BULLISH,OVERSOLD,OVERSOLD,OVERSOLD
2014-04-08,2014-04-08,4500.0,BUY,BULLISH,BULLISH,,OVERSOLD,OVERSOLD
2014-04-09,2014-04-09,4500.0,HOLD,BULLISH,BEARISH,,OVERSOLD,OVERSOLD
2014-04-10,2014-04-10,4600.0,HOLD,BULLISH,BULLISH,,,
2014-04-11,2014-04-11,4600.0,BUY,BULLISH,BULLISH,,,OVERSOLD
2014-04-14,2014-04-14,4579.0,HOLD,BULLISH,BULLISH,,OVERBOUGHT,
2014-04-15,2014-04-15,4600.0,HOLD,BULLISH,BULLISH,,OVERBOUGHT,
2014-04-16,2014-04-16,4600.0,HOLD,BULLISH,BULLISH,,OVERBOUGHT,
2014-04-17,2014-04-17,4599.0,HOLD,BULLISH,BULLISH,,OVERBOUGHT,
2014-04-22,2014-04-22,4550.0,HOLD,BULLISH,BULLISH,,OVERBOUGHT,
2014-04-23,2014-04-23,4300.0,HOLD,BULLISH,BEARISH,OVERSOLD,OVERBOUGHT,
2014-04-24,2014-04-24,4400.0,HOLD,BULLISH,BEARISH,,OVERBOUGHT,
2014-04-25,2014-04-25,4380.0,HOLD,BULLISH,BEARISH,,OVERBOUGHT,
2014-04-28,2014-04-28,4301.0,HOLD,BULLISH,BEARISH,,OVERBOUGHT,
2014-04-29,2014-04-29,4302.0,HOLD,BULLISH,BEARISH,,OVERBOUGHT,
2014-04-30,2014-04-30,4370.0,HOLD,BULLISH,BEARISH,,OVERBOUGHT,
2014-05-02,2014-05-02,4370.0,HOLD,BULLISH,BEARISH,,OVERBOUGHT,
2014-05-05,2014-05-05,4370.0,HOLD,BULLISH,BEARISH,,OVERBOUGHT,
2014-05-06,2014-05-06,4380.0,HOLD,BULLISH,BEARISH,,,
2014-05-07,2014-05-07,4380.0,HOLD,BULLISH,BEARISH,,,
2014-05-08,2014-05-08,4380.0,HOLD,BULLISH,BEARISH,,,
2014-05-09,2014-05-09,4370.0,HOLD,BULLISH,BEARISH,,,
2014-05-12,2014-05-12,4374.0,HOLD,BULLISH,BEARISH,,,
2014-05-13,2014-05-13,4379.0,HOLD,BULLISH,BEARISH,,,
2014-05-14,2014-05-14,4400.0,HOLD,BULLISH,BEARISH,,,
2014-05-15,2014-05-15,4410.0,HOLD,BULLISH,BEARISH,,,
2014-05-16,2014-05-16,4410.0,HOLD,BULLISH,BEARISH,,,
2014-05-19,2014-05-19,4403.0,SELL,BEARISH,BEARISH,OVERBOUGHT,,
2014-05-20,2014-05-20,4380.0,SELL,BEARISH,BEARISH,OVERBOUGHT,,
2014-05-21,2014-05-21,4370.0,HOLD,BEARISH,BEARISH,,,
2014-05-22,2014-05-22,4372.0,HOLD,BEARISH,BEARISH,,,
2014-05-23,2014-05-23,4400.0,HOLD,BEARISH,BEARISH,,,
2014-05-26,2014-05-26,4370.0,HOLD,BEARISH,BEARISH,,,
2014-05-27,2014-05-27,4398.0,HOLD,BEARISH,BEARISH,,,
2014-05-28,2014-05-28,4370.0,HOLD,BEARISH,BEARISH,,,
2014-05-29,2014-05-29,4360.0,HOLD,BULLISH,BEARISH,,,
2014-05-30,2014-05-30,4450.0,SELL,BEARISH,BEARISH,,,OVERBOUGHT
2014-06-02,2014-06-02,4350.0,HOLD,BULLISH,BEARISH,,,
2014-06-03,2014-06-03,4390.0,HOLD,BULLISH,BEARISH,,,
2014-06-04,2014-06-04,4390.0,HOLD,BEARISH,BEARISH,,,
2014-06-05,2014-06-05,4385.0,HOLD,BULLISH,BEARISH,,,
2014-06-09,2014-06-09,4379.0,HOLD,BULLISH,BEARISH,,,
2014-06-10,2014-06-10,4390.0,HOLD,BULLISH,BEARISH,,,
2014-06-11,2014-06-11,4350.0,HOLD,BULLISH,BEARISH,,,OVERSOLD
2014-06-12,2014-06-12,4450.0,SELL,BEARISH,BEARISH,,,OVERBOUGHT
2014-06-13,2014-06-13,4450.0,HOLD,BEARISH,BEARISH,,,OVERSOLD
2014-06-16,2014-06-16,4400.0,SELL,BEARISH,BEARISH,,OVERBOUGHT,
2014-06-17,2014-06-17,4360.0,SELL,BEARISH,BEARISH,,OVERBOUGHT,
2014-06-18,2014-06-18,4351.0,HOLD,BULLISH,BEARISH,,OVERBOUGHT,
2014-06-19,2014-06-19,4380.0,HOLD,BULLISH,BEARISH,,OVERBOUGHT,
2014-06-20,2014-06-20,4360.0,HOLD,BULLISH,BEARISH,,OVERBOUGHT,
2014-06-23,2014-06-23,4350.0,HOLD,BULLISH,BEARISH,,OVERBOUGHT,
2014-06-24,2014-06-24,4315.0,HOLD,BULLISH,BEARISH,,OVERBOUGHT,
2014-06-25,2014-06-25,4310.0,HOLD,BULLISH,BEARISH,,OVERBOUGHT,
2014-06-26,2014-06-26,4350.0,HOLD,BULLISH,BEARISH,,OVERBOUGHT,
2014-06-27,2014-06-27,4350.0,HOLD,BULLISH,BEARISH,,OVERBOUGHT,
2014-06-30,2014-06-30,4370.0,HOLD,BULLISH,BEARISH,,OVERBOUGHT,
2014-07-01,2014-07-01,4350.0,HOLD,BULLISH,BEARISH,,OVERBOUGHT,
2014-07-02,2014-07-02,4350.0,HOLD,BULLISH,BEARISH,,OVERBOUGHT,
2014-07-03,2014-07-03,4350.0,HOLD,BULLISH,BEARISH,,OVERBOUGHT,OVERSOLD
2014-07-04,2014-07-04,4360.0,HOLD,BULLISH,BEARISH,,OVERBOUGHT,
2014-07-07,2014-07-07,4350.0,HOLD,BULLISH,BEARISH,,OVERBOUGHT,
2014-07-08,2014-07-08,4350.0,HOLD,BULLISH,BEARISH,,OVERBOUGHT,
2014-07-09,2014-07-09,4351.0,HOLD,BULLISH,BEARISH,,OVERBOUGHT,
2014-07-10,2014-07-10,4350.0,HOLD,BULLISH,BEARISH,,OVERBOUGHT,
2014-07-11,2014-07-11,4350.0,HOLD,BULLISH,BEARISH,,OVERBOUGHT,
2014-07-14,2014-07-14,4350.0,SELL,BEARISH,BEARISH,,OVERBOUGHT,
2014-07-15,2014-07-15,4399.0,SELL,BEARISH,BEARISH,OVERBOUGHT,OVERBOUGHT,
2014-07-16,2014-07-16,4350.0,SELL,BEARISH,BEARISH,,OVERBOUGHT,
2014-07-17,2014-07-17,4350.0,SELL,BEARISH,BEARISH,,OVERBOUGHT,
2014-07-18,2014-07-18,4350.0,SELL,BEARISH,BEARISH,,OVERBOUGHT,
2014-07-21,2014-07-21,4350.0,SELL,BEARISH,BEARISH,,OVERBOUGHT,
2014-07-22,2014-07-22,4350.0,SELL,BEARISH,BEARISH,,OVERBOUGHT,
2014-07-23,2014-07-23,4350.0,HOLD,BULLISH,BEARISH,,,
2014-07-24,2014-07-24,4360.0,HOLD,BULLISH,BEARISH,,,
2014-07-25,2014-07-25,4398.0,HOLD,BEARISH,BEARISH,,,
2014-07-29,2014-07-29,4352.0,HOLD,BEARISH,BEARISH,,,
2014-07-30,2014-07-30,4350.0,HOLD,BEARISH,BEARISH,,,
2014-07-31,2014-07-31,4352.0,HOLD,BEARISH,BEARISH,,,
2014-08-01,2014-08-01,4353.0,HOLD,BEARISH,BEARISH,,,
2014-08-04,2014-08-04,4363.0,HOLD,BEARISH,BEARISH,,,
2014-08-05,2014-08-05,4362.0,HOLD,BEARISH,BEARISH,,,
2014-08-06,2014-08-06,4370.0,SELL,BEARISH,BEARISH,,,OVERBOUGHT
2014-08-07,2014-08-07,4365.0,HOLD,BEARISH,BULLISH,,,
2014-08-08,2014-08-08,4387.0,HOLD,BEARISH,BULLISH,,,OVERBOUGHT
2014-08-11,2014-08-11,4362.0,HOLD,BEARISH,BULLISH,,,
2014-08-12,2014-08-12,4362.0,HOLD,BEARISH,BULLISH,,,OVERSOLD
2014-08-13,2014-08-13,4371.0,HOLD,BEARISH,BULLISH,,,
2014-08-14,2014-08-14,4370.0,HOLD,BEARISH,BULLISH,,OVERBOUGHT,
2014-08-15,2014-08-15,4380.0,HOLD,BEARISH,BULLISH,,OVERBOUGHT,
2014-08-18,2014-08-18,4367.0,HOLD,BEARISH,BULLISH,,OVERBOUGHT,
2014-08-19,2014-08-19,4372.0,HOLD,BEARISH,BULLISH,,OVERBOUGHT,
2014-08-20,2014-08-20,4381.0,HOLD,BEARISH,BULLISH,,OVERBOUGHT,
2014-08-21,2014-08-21,4400.0,HOLD,BEARISH,BULLISH,,OVERBOUGHT,
2014-08-22,2014-08-22,4400.0,HOLD,BEARISH,BULLISH,,OVERBOUGHT,
2014-08-25,2014-08-25,4400.0,HOLD,BEARISH,BULLISH,,OVERBOUGHT,
2014-08-26,2014-08-26,4400.0,HOLD,BEARISH,BULLISH,,OVERBOUGHT,
2014-08-27,2014-08-27,4470.0,HOLD,BEARISH,BULLISH,OVERBOUGHT,OVERBOUGHT,
2014-08-29,2014-08-29,4401.0,HOLD,BEARISH,BULLISH,,OVERBOUGHT,
2014-09-01,2014-09-01,4401.0,HOLD,BEARISH,BULLISH,,OVERBOUGHT,
2014-09-02,2014-09-02,4400.0,HOLD,BEARISH,BULLISH,,,
2014-09-03,2014-09-03,4401.0,HOLD,BEARISH,BULLISH,,,
2014-09-04,2014-09-04,4400.0,HOLD,BEARISH,BULLISH,,,
2014-09-05,2014-09-05,4410.0,HOLD,BEARISH,BULLISH,,,
2014-09-09,2014-09-09,4402.0,HOLD,BEARISH,BULLISH,,,
2014-09-10,2014-09-10,4403.0,HOLD,BEARISH,BULLISH,,,
2014-09-11,2014-09-11,4410.0,HOLD,BEARISH,BULLISH,,,
2014-09-12,2014-09-12,4410.0,HOLD,BEARISH,BULLISH,,,
2014-09-15,2014-09-15,4403.0,HOLD,BEARISH,BULLISH,,,
2014-09-16,2014-09-16,4401.0,HOLD,BEARISH,BULLISH,,OVERSOLD,
2014-09-17,2014-09-17,4402.0,HOLD,BEARISH,BULLISH,,OVERSOLD,
2014-09-18,2014-09-18,4410.0,BUY,BULLISH,BULLISH,OVERSOLD,,
2014-09-19,2014-09-19,4405.0,HOLD,BULLISH,BULLISH,,,
2014-09-22,2014-09-22,4411.0,HOLD,BULLISH,BULLISH,,,
2014-09-23,2014-09-23,4450.0,HOLD,BEARISH,BULLISH,OVERBOUGHT,,OVERBOUGHT
2014-09-24,2014-09-24,4411.0,HOLD,BEARISH,BULLISH,,,
2014-09-25,2014-09-25,4411.0,HOLD,BEARISH,BULLISH,,,OVERSOLD
2014-09-26,2014-09-26,4420.0,HOLD,BEARISH,BULLISH,,,
2014-09-29,2014-09-29,4425.0,HOLD,BEARISH,BULLISH,,OVERBOUGHT,
2014-09-30,2014-09-30,4450.0,HOLD,BEARISH,BULLISH,,OVERBOUGHT,
2014-10-01,2014-10-01,4453.0,HOLD,BEARISH,BULLISH,,OVERBOUGHT,
2014-10-02,2014-10-02,4600.0,HOLD,BEARISH,BULLISH,OVERBOUGHT,OVERBOUGHT,
2014-10-03,2014-10-03,4508.0,HOLD,BEARISH,BULLISH,,OVERBOUGHT,
2014-10-06,2014-10-06,4551.0,HOLD,BEARISH,BULLISH,,OVERBOUGHT,
2014-10-07,2014-10-07,4550.0,HOLD,BEARISH,BULLISH,,OVERBOUGHT,
2014-10-08,2014-10-08,4600.0,HOLD,BEARISH,BULLISH,OVERBOUGHT,OVERBOUGHT,
2014-10-09,2014-10-09,4601.0,HOLD,BEARISH,BULLISH,OVERBOUGHT,OVERBOUGHT,
2014-10-10,2014-10-10,4610.0,HOLD,BEARISH,BULLISH,OVERBOUGHT,OVERBOUGHT,
2014-10-13,2014-10-13,4610.0,HOLD,BEARISH,BULLISH,,OVERBOUGHT,
2014-10-14,2014-10-14,4650.0,HOLD,BEARISH,BULLISH,OVERBOUGHT,OVERBOUGHT,
2014-10-15,2014-10-15,4700.0,HOLD,BEARISH,BULLISH,OVERBOUGHT,OVERBOUGHT,
2014-10-16,2014-10-16,4700.0,HOLD,BEARISH,BULLISH,OVERBOUGHT,OVERBOUGHT,
2014-10-17,2014-10-17,4700.0,HOLD,BEARISH,BULLISH,OVERBOUGHT,OVERBOUGHT,
2014-10-20,2014-10-20,4701.0,HOLD,BEARISH,BULLISH,OVERBOUGHT,OVERBOUGHT,
2014-10-21,2014-10-21,4750.0,HOLD,BEARISH,BULLISH,OVERBOUGHT,OVERBOUGHT,
2014-10-22,2014-10-22,4850.0,HOLD,BEARISH,BULLISH,OVERBOUGHT,OVERBOUGHT,
2014-10-24,2014-10-24,4900.0,HOLD,BEARISH,BULLISH,OVERBOUGHT,OVERBOUGHT,OVERBOUGHT
2014-10-27,2014-10-27,4900.0,HOLD,BEARISH,BULLISH,OVERBOUGHT,,OVERBOUGHT
2014-10-28,2014-10-28,4900.0,HOLD,BEARISH,BULLISH,OVERBOUGHT,,OVERBOUGHT
2014-10-29,2014-10-29,4900.0,HOLD,BEARISH,BULLISH,OVERBOUGHT,,OVERBOUGHT
2014-10-30,2014-10-30,4900.0,HOLD,BEARISH,BULLISH,OVERBOUGHT,,OVERBOUGHT
2014-10-31,2014-10-31,4900.0,HOLD,BEARISH,BULLISH,OVERBOUGHT,,
2014-11-03,2014-11-03,4900.0,HOLD,BEARISH,BULLISH,OVERBOUGHT,,
2014-11-04,2014-11-04,4800.0,HOLD,BEARISH,BULLISH,OVERBOUGHT,,
2014-11-05,2014-11-05,4800.0,HOLD,BEARISH,BULLISH,,,
2014-11-06,2014-11-06,4800.0,HOLD,BEARISH,BULLISH,,,
2014-11-07,2014-11-07,4850.0,HOLD,BEARISH,BULLISH,OVERBOUGHT,,
2014-11-10,2014-11-10,4850.0,HOLD,BEARISH,BULLISH,OVERBOUGHT,,
2014-11-11,2014-11-11,4850.0,HOLD,BEARISH,BULLISH,,,
2014-11-12,2014-11-12,4900.0,HOLD,BEARISH,BULLISH,,,
2014-11-13,2014-11-13,4860.0,HOLD,BEARISH,BULLISH,,,
2014-11-14,2014-11-14,4949.0,HOLD,BEARISH,BULLISH,,,
2014-11-17,2014-11-17,4900.0,HOLD,BEARISH,BULLISH,,,
2014-11-18,2014-11-18,5000.0,HOLD,BEARISH,BULLISH,,OVERBOUGHT,OVERBOUGHT
2014-11-19,2014-11-19,5002.0,HOLD,BEARISH,BULLISH,,OVERBOUGHT,OVERBOUGHT
2014-11-20,2014-11-20,5000.0,HOLD,BEARISH,BULLISH,,OVERBOUGHT,OVERBOUGHT
2014-11-21,2014-11-21,5000.0,HOLD,BEARISH,BULLISH,,OVERBOUGHT,OVERBOUGHT
2014-11-24,2014-11-24,4910.0,HOLD,BEARISH,BULLISH,,,
2014-11-25,2014-11-25,4950.0,HOLD,BEARISH,BULLISH,,,
2014-11-26,2014-11-26,4950.0,HOLD,BEARISH,BULLISH,,,
2014-11-27,2014-11-27,5000.0,HOLD,BEARISH,BULLISH,,,
2014-11-28,2014-11-28,5138.0,HOLD,BEARISH,BULLISH,OVERBOUGHT,OVERBOUGHT,OVERBOUGHT
2014-12-01,2014-12-01,5140.0,HOLD,BEARISH,BULLISH,OVERBOUGHT,OVERBOUGHT,OVERBOUGHT
2014-12-02,2014-12-02,5050.0,HOLD,BEARISH,BULLISH,,,OVERBOUGHT
2014-12-04,2014-12-04,5150.0,HOLD,BEARISH,BULLISH,,,OVERBOUGHT
2014-12-05,2014-12-05,5051.0,HOLD,BEARISH,BULLISH,,,
2014-12-09,2014-12-09,5001.0,HOLD,BEARISH,BULLISH,,,
2014-12-10,2014-12-10,5000.0,HOLD,BEARISH,BULLISH,,,
2014-12-11,2014-12-11,5000.0,HOLD,BEARISH,BULLISH,,,
2014-12-12,2014-12-12,5050.0,HOLD,BEARISH,BULLISH,,,
2014-12-15,2014-12-15,5000.0,HOLD,BEARISH,BULLISH,,,
2014-12-16,2014-12-16,5002.0,HOLD,BEARISH,BULLISH,,,
2014-12-17,2014-12-17,5005.0,HOLD,BULLISH,BULLISH,,,
2014-12-18,2014-12-18,5005.0,HOLD,BULLISH,BULLISH,,,
2014-12-19,2014-12-19,5005.0,BUY,BULLISH,BULLISH,,OVERSOLD,
2014-12-22,2014-12-22,5000.0,BUY,BULLISH,BULLISH,,OVERSOLD,
2014-12-23,2014-12-23,5001.0,BUY,BULLISH,BULLISH,,OVERSOLD,
2014-12-24,2014-12-24,5000.0,BUY,BULLISH,BULLISH,,OVERSOLD,
2014-12-25,2014-12-25,5030.0,BUY,BULLISH,BULLISH,OVERSOLD,,
2014-12-26,2014-12-26,5050.0,HOLD,BULLISH,BULLISH,,,
2014-12-29,2014-12-29,5050.0,HOLD,BULLISH,BULLISH,,OVERBOUGHT,
2014-12-30,2014-12-30,5100.0,HOLD,BEARISH,BULLISH,OVERBOUGHT,OVERBOUGHT,
2015-01-02,2015-01-02,5100.0,HOLD,BEARISH,BULLISH,OVERBOUGHT,OVERBOUGHT,OVERBOUGHT
2015-01-05,2015-01-05,5050.0,HOLD,BEARISH,BULLISH,,,
2015-01-08,2015-01-08,5050.0,HOLD,BEARISH,BULLISH,,,
2015-01-09,2015-01-09,5040.0,HOLD,BEARISH,BULLISH,,,
2015-01-12,2015-01-12,5100.0,HOLD,BEARISH,BULLISH,OVERBOUGHT,,OVERBOUGHT
2015-01-13,2015-01-13,5050.0,HOLD,BEARISH,BULLISH,,,
2015-01-14,2015-01-14,5050.0,HOLD,BEARISH,BULLISH,,,
2015-01-15,2015-01-15,5099.0,HOLD,BEARISH,BULLISH,,,OVERBOUGHT
2015-01-16,2015-01-16,5050.0,HOLD,BEARISH,BULLISH,,,
2015-01-20,2015-01-20,5051.0,HOLD,BEARISH,BULLISH,,,
2015-01-21,2015-01-21,5099.0,HOLD,BEARISH,BULLISH,,,
2015-01-22,2015-01-22,5070.0,HOLD,BEARISH,BULLISH,,,
2015-01-23,2015-01-23,5099.0,HOLD,BEARISH,BULLISH,,OVERBOUGHT,
2015-01-26,2015-01-26,5100.0,HOLD,BEARISH,BULLISH,,OVERBOUGHT,OVERBOUGHT
2015-01-27,2015-01-27,5080.0,HOLD,BEARISH,BULLISH,,,
2015-01-28,2015-01-28,5120.0,HOLD,BEARISH,BULLISH,,,OVERBOUGHT
2015-01-29,2015-01-29,5150.0,HOLD,BEARISH,BULLISH,,OVERBOUGHT,OVERBOUGHT
2015-01-30,2015-01-30,5150.0,HOLD,BEARISH,BULLISH,,OVERBOUGHT,OVERBOUGHT
2015-02-02,2015-02-02,5106.0,HOLD,BEARISH,BULLISH,,,
2015-02-03,2015-02-03,5102.0,HOLD,BEARISH,BULLISH,,,
2015-02-04,2015-02-04,5148.0,HOLD,BEARISH,BULLISH,,,OVERBOUGHT
2015-02-05,2015-02-05,5102.0,HOLD,BEARISH,BULLISH,,,
2015-02-06,2015-02-06,5148.0,HOLD,BEARISH,BULLISH,,OVERBOUGHT,
2015-02-09,2015-02-09,5150.0,HOLD,BEARISH,BULLISH,,OVERBOUGHT,OVERBOUGHT
2015-02-10,2015-02-10,5150.0,HOLD,BEARISH,BULLISH,,OVERBOUGHT,
2015-02-11,2015-02-11,5150.0,HOLD,BEARISH,BULLISH,,OVERBOUGHT,
2015-02-12,2015-02-12,5220.0,HOLD,BEARISH,BULLISH,,OVERBOUGHT,OVERBOUGHT
2015-02-13,2015-02-13,5300.0,HOLD,BEARISH,BULLISH,OVERBOUGHT,OVERBOUGHT,OVERBOUGHT
2015-02-16,2015-02-16,5300.0,HOLD,BEARISH,BULLISH,OVERBOUGHT,OVERBOUGHT,OVERBOUGHT
2015-02-17,2015-02-17,5300.0,HOLD,BEARISH,BULLISH,OVERBOUGHT,OVERBOUGHT,OVERBOUGHT
2015-02-18,2015-02-18,5280.0,HOLD,BEARISH,BULLISH,,OVERBOUGHT,OVERBOUGHT
2015-02-19,2015-02-19,5300.0,HOLD,BEARISH,BULLISH,,OVERBOUGHT,OVERBOUGHT
2015-02-20,2015-02-20,5500.0,HOLD,BEARISH,BULLISH,OVERBOUGHT,OVERBOUGHT,OVERBOUGHT
2015-02-23,2015-02-23,5700.0,HOLD,BEARISH,BULLISH,OVERBOUGHT,OVERBOUGHT,OVERBOUGHT
2015-02-24,2015-02-24,5500.0,HOLD,BEARISH,BULLISH,,,OVERBOUGHT
2015-02-25,2015-02-25,5460.0,HOLD,BEARISH,BULLISH,OVERBOUGHT,,OVERBOUGHT
2015-02-26,2015-02-26,5460.0,HOLD,BEARISH,BULLISH,,,
2015-02-27,2015-02-27,5500.0,HOLD,BEARISH,BULLISH,OVERBOUGHT,,OVERBOUGHT
2015-03-02,2015-03-02,5410.0,HOLD,BEARISH,BULLISH,,,
2015-03-03,2015-03-03,5410.0,HOLD,BEARISH,BULLISH,,,OVERSOLD
2015-03-04,2015-03-04,5399.0,HOLD,BEARISH,BULLISH,,,
2015-03-05,2015-03-05,5350.0,HOLD,BEARISH,BULLISH,,OVERBOUGHT,
2015-03-06,2015-03-06,5375.0,HOLD,BEARISH,BULLISH,,OVERBOUGHT,
2015-03-09,2015-03-09,5375.0,HOLD,BEARISH,BULLISH,,OVERBOUGHT,
2015-03-10,2015-03-10,5360.0,HOLD,BEARISH,BULLISH,,OVERBOUGHT,
2015-03-11,2015-03-11,5360.0,HOLD,BULLISH,BULLISH,,OVERBOUGHT,
2015-03-12,2015-03-12,5360.0,HOLD,BULLISH,BULLISH,,OVERBOUGHT,
2015-03-13,2015-03-13,5300.0,BUY,BULLISH,BULLISH,OVERSOLD,OVERBOUGHT,
2015-03-16,2015-03-16,5250.0,BUY,BULLISH,BULLISH,OVERSOLD,OVERBOUGHT,
2015-03-17,2015-03-17,5200.0,BUY,BULLISH,BULLISH,OVERSOLD,OVERBOUGHT,
2015-03-18,2015-03-18,5150.0,HOLD,BULLISH,BEARISH,OVERSOLD,OVERBOUGHT,
2015-03-19,2015-03-19,5100.0,HOLD,BULLISH,BEARISH,OVERSOLD,OVERBOUGHT,
2015-03-20,2015-03-20,5100.0,HOLD,BULLISH,BEARISH,OVERSOLD,OVERBOUGHT,
2015-03-23,2015-03-23,5100.0,HOLD,BULLISH,BEARISH,OVERSOLD,,
2015-03-24,2015-03-24,5000.0,HOLD,BULLISH,BEARISH,OVERSOLD,,
2015-03-25,2015-03-25,5050.0,HOLD,BULLISH,BEARISH,OVERSOLD,OVERSOLD,
2015-03-26,2015-03-26,5100.0,HOLD,BULLISH,BEARISH,OVERSOLD,,
2015-03-27,2015-03-27,5051.0,HOLD,BULLISH,BEARISH,OVERSOLD,OVERSOLD,
2015-03-30,2015-03-30,5100.0,HOLD,BULLISH,BEARISH,OVERSOLD,,
2015-03-31,2015-03-31,5056.0,HOLD,BULLISH,BEARISH,OVERSOLD,OVERSOLD,
2015-04-01,2015-04-01,5065.0,HOLD,BULLISH,BEARISH,OVERSOLD,,
2015-04-02,2015-04-02,5100.0,HOLD,BULLISH,BEARISH,,,
2015-04-03,2015-04-03,5100.0,HOLD,BULLISH,BEARISH,,,
2015-04-06,2015-04-06,5150.0,HOLD,BULLISH,BEARISH,,,
2015-04-07,2015-04-07,5150.0,HOLD,BULLISH,BEARISH,,,
2015-04-08,2015-04-08,5150.0,HOLD,BULLISH,BEARISH,,OVERBOUGHT,
2015-04-09,2015-04-09,5150.0,SELL,BEARISH,BEARISH,,OVERBOUGHT,OVERSOLD
2015-04-14,2015-04-14,5150.0,SELL,BEARISH,BEARISH,,OVERBOUGHT,
2015-04-15,2015-04-15,5100.0,SELL,BEARISH,BEARISH,,OVERBOUGHT,
2015-04-16,2015-04-16,5200.0,SELL,BEARISH,BEARISH,,OVERBOUGHT,
2015-04-17,2015-04-17,5156.0,SELL,BEARISH,BEARISH,,OVERBOUGHT,
2015-04-20,2015-04-20,5200.0,SELL,BEARISH,BEARISH,,OVERBOUGHT,
2015-04-21,2015-04-21,5100.0,SELL,BEARISH,BEARISH,,OVERBOUGHT,
2015-04-22,2015-04-22,4950.0,SELL,BEARISH,BEARISH,,OVERBOUGHT,
2015-04-23,2015-04-23,4850.0,HOLD,BULLISH,BEARISH,,OVERBOUGHT,
2015-04-24,2015-04-24,4851.0,HOLD,BULLISH,BEARISH,,OVERBOUGHT,
2015-04-27,2015-04-27,4870.0,HOLD,BULLISH,BEARISH,,OVERBOUGHT,
2015-04-28,2015-04-28,4950.0,HOLD,BULLISH,BEARISH,,OVERBOUGHT,
2015-04-29,2015-04-29,4950.0,HOLD,BULLISH,BEARISH,,OVERBOUGHT,
2015-04-30,2015-04-30,4950.0,HOLD,BULLISH,BEARISH,,OVERBOUGHT,
2015-05-04,2015-05-04,4950.0,HOLD,BULLISH,BEARISH,,,
2015-05-05,2015-05-05,5000.0,HOLD,BULLISH,BEARISH,,,
2015-05-06,2015-05-06,5000.0,HOLD,BULLISH,BEARISH,,,
2015-05-07,2015-05-07,4901.0,HOLD,BULLISH,BEARISH,OVERSOLD,,
2015-05-08,2015-05-08,4902.0,HOLD,BULLISH,BEARISH,,,
2015-05-11,2015-05-11,4851.0,HOLD,BULLISH,BEARISH,OVERSOLD,OVERSOLD,
2015-05-12,2015-05-12,4850.0,HOLD,BULLISH,BEARISH,OVERSOLD,OVERSOLD,
2015-05-13,2015-05-13,4900.0,HOLD,BULLISH,BEARISH,,,
2015-05-14,2015-05-14,4850.0,HOLD,BULLISH,BEARISH,,OVERSOLD,
2015-05-15,2015-05-15,4999.0,HOLD,BULLISH,BEARISH,,,
2015-05-18,2015-05-18,4950.0,HOLD,BULLISH,BEARISH,,,
2015-05-19,2015-05-19,4850.0,HOLD,BULLISH,BEARISH,,,
2015-05-20,2015-05-20,4850.0,HOLD,BULLISH,BEARISH,,,
2015-05-21,2015-05-21,4875.0,HOLD,BULLISH,BEARISH,,OVERSOLD,
2015-05-22,2015-05-22,4949.0,HOLD,BULLISH,BEARISH,,,
2015-05-26,2015-05-26,4889.0,HOLD,BULLISH,BEARISH,,,
2015-05-27,2015-05-27,4861.0,HOLD,BULLISH,BEARISH,,,
2015-05-28,2015-05-28,4899.0,HOLD,BULLISH,BEARISH,,,
2015-06-01,2015-06-01,4850.0,HOLD,BULLISH,BEARISH,,OVERSOLD,
2015-06-02,2015-06-02,4850.0,HOLD,BULLISH,BEARISH,,OVERSOLD,
2015-06-03,2015-06-03,4900.0,HOLD,BULLISH,BEARISH,,,
2015-06-04,2015-06-04,4901.0,HOLD,BULLISH,BEARISH,,,
2015-06-05,2015-06-05,4939.0,HOLD,BEARISH,BEARISH,,,
2015-06-08,2015-06-08,4937.0,HOLD,BEARISH,BEARISH,,,
2015-06-09,2015-06-09,4908.0,HOLD,BEARISH,BEARISH,,,
2015-06-10,2015-06-10,4939.0,HOLD,BEARISH,BEARISH,,,
2015-06-11,2015-06-11,4908.0,HOLD,BEARISH,BEARISH,,,
2015-06-12,2015-06-12,4939.0,HOLD,BEARISH,BEARISH,,,
2015-06-15,2015-06-15,4901.0,HOLD,BEARISH,BEARISH,,,
2015-06-16,2015-06-16,4900.0,HOLD,BEARISH,BEARISH,,,
2015-06-17,2015-06-17,4850.0,HOLD,BEARISH,BEARISH,,,OVERSOLD
2015-06-18,2015-06-18,4811.0,HOLD,BULLISH,BEARISH,,OVERSOLD,OVERSOLD
2015-06-19,2015-06-19,4800.0,HOLD,BULLISH,BEARISH,,OVERSOLD,OVERSOLD
2015-06-22,2015-06-22,4710.0,HOLD,BULLISH,BEARISH,,OVERSOLD,OVERSOLD
2015-06-23,2015-06-23,4770.0,HOLD,BULLISH,BEARISH,,,OVERSOLD
2015-06-24,2015-06-24,4770.0,HOLD,BULLISH,BEARISH,,,OVERSOLD
2015-06-25,2015-06-25,4800.0,HOLD,BULLISH,BEARISH,,,
2015-06-26,2015-06-26,4800.0,HOLD,BULLISH,BEARISH,,,
2015-06-29,2015-06-29,4770.0,HOLD,BULLISH,BEARISH,,,
2015-06-30,2015-06-30,4780.0,HOLD,BULLISH,BEARISH,,,
2015-07-01,2015-07-01,4760.0,HOLD,BULLISH,BEARISH,,,
2015-07-02,2015-07-02,4715.0,HOLD,BULLISH,BEARISH,OVERSOLD,OVERSOLD,OVERSOLD
2015-07-03,2015-07-03,4702.0,HOLD,BULLISH,BEARISH,OVERSOLD,OVERSOLD,OVERSOLD
2015-07-06,2015-07-06,4700.0,HOLD,BULLISH,BEARISH,OVERSOLD,OVERSOLD,
2015-07-07,2015-07-07,4700.0,HOLD,BULLISH,BEARISH,OVERSOLD,OVERSOLD,OVERSOLD
2015-07-08,2015-07-08,4759.0,HOLD,BULLISH,BEARISH,,,
2015-07-09,2015-07-09,4750.0,HOLD,BULLISH,BEARISH,,,
2015-07-10,2015-07-10,4779.0,HOLD,BULLISH,BEARISH,,,
2015-07-13,2015-07-13,4779.0,HOLD,BULLISH,BEARISH,,,
2015-07-14,2015-07-14,4760.0,HOLD,BULLISH,BEARISH,,,
2015-07-15,2015-07-15,4800.0,HOLD,BEARISH,BEARISH,,,
2015-07-16,2015-07-16,4810.0,SELL,BEARISH,BEARISH,,,OVERBOUGHT
2015-07-20,2015-07-20,4850.0,SELL,BEARISH,BEARISH,,OVERBOUGHT,OVERBOUGHT
2015-07-21,2015-07-21,4898.0,SELL,BEARISH,BEARISH,,OVERBOUGHT,OVERBOUGHT
2015-07-22,2015-07-22,4821.0,SELL,BEARISH,BEARISH,,,OVERBOUGHT
2015-07-23,2015-07-23,4850.0,HOLD,BEARISH,BULLISH,,,OVERBOUGHT
2015-07-24,2015-07-24,4820.0,HOLD,BEARISH,BULLISH,,,
2015-07-27,2015-07-27,4820.0,HOLD,BEARISH,BULLISH,,,
2015-07-28,2015-07-28,4890.0,HOLD,BEARISH,BULLISH,OVERBOUGHT,,OVERBOUGHT
2015-07-29,2015-07-29,4850.0,HOLD,BEARISH,BULLISH,,,
2015-07-30,2015-07-30,4851.0,HOLD,BEARISH,BULLISH,,,OVERBOUGHT
2015-07-31,2015-07-31,4851.0,HOLD,BEARISH,BULLISH,,OVERBOUGHT,OVERSOLD
2015-08-04,2015-08-04,4860.0,HOLD,BEARISH,BULLISH,,OVERBOUGHT,
2015-08-05,2015-08-05,4880.0,HOLD,BEARISH,BULLISH,,OVERBOUGHT,
2015-08-06,2015-08-06,4900.0,HOLD,BEARISH,BULLISH,,OVERBOUGHT,
2015-08-07,2015-08-07,4900.0,HOLD,BEARISH,BULLISH,,OVERBOUGHT,
2015-08-10,2015-08-10,4855.0,HOLD,BEARISH,BULLISH,,OVERBOUGHT,
2015-08-11,2015-08-11,4860.0,HOLD,BEARISH,BULLISH,,OVERBOUGHT,
2015-08-12,2015-08-12,4880.0,HOLD,BEARISH,BULLISH,,OVERBOUGHT,
2015-08-13,2015-08-13,4880.0,HOLD,BEARISH,BULLISH,,OVERBOUGHT,
2015-08-14,2015-08-14,4880.0,HOLD,BEARISH,BULLISH,,OVERBOUGHT,
2015-08-17,2015-08-17,4885.0,HOLD,BEARISH,BULLISH,,OVERBOUGHT,
2015-08-18,2015-08-18,4901.0,HOLD,BEARISH,BULLISH,,OVERBOUGHT,
2015-08-19,2015-08-19,4901.0,HOLD,BEARISH,BULLISH,,OVERBOUGHT,
2015-08-20,2015-08-20,4952.0,HOLD,BEARISH,BULLISH,OVERBOUGHT,OVERBOUGHT,
2015-08-21,2015-08-21,4962.0,HOLD,BEARISH,BULLISH,OVERBOUGHT,OVERBOUGHT,
2015-08-24,2015-08-24,4950.0,HOLD,BEARISH,BULLISH,OVERBOUGHT,,
2015-08-25,2015-08-25,4900.0,HOLD,BEARISH,BULLISH,,,
2015-08-26,2015-08-26,4890.0,HOLD,BEARISH,BULLISH,,,
2015-08-27,2015-08-27,4900.0,HOLD,BEARISH,BULLISH,,,
2015-08-31,2015-08-31,4890.0,HOLD,BEARISH,BULLISH,,,
2015-09-01,2015-09-01,4899.0,HOLD,BEARISH,BULLISH,,,
2015-09-02,2015-09-02,4860.0,BUY,BULLISH,BULLISH,,OVERSOLD,
2015-09-03,2015-09-03,4900.0,HOLD,BULLISH,BULLISH,,,
2015-09-04,2015-09-04,4900.0,HOLD,BULLISH,BULLISH,,,
2015-09-07,2015-09-07,4900.0,HOLD,BEARISH,BULLISH,,,
2015-09-09,2015-09-09,4900.0,HOLD,BULLISH,BULLISH,,,
2015-09-10,2015-09-10,4902.0,HOLD,BULLISH,BULLISH,,,
2015-09-11,2015-09-11,4912.0,HOLD,BULLISH,BULLISH,,,
2015-09-14,2015-09-14,4949.0,HOLD,BEARISH,BULLISH,,,OVERBOUGHT
2015-09-15,2015-09-15,4920.0,HOLD,BEARISH,BULLISH,,,
2015-09-16,2015-09-16,4920.0,HOLD,BEARISH,BULLISH,,,
2015-09-17,2015-09-17,4950.0,HOLD,BEARISH,BULLISH,,,
2015-09-18,2015-09-18,4940.0,HOLD,BEARISH,BULLISH,,OVERBOUGHT,
2015-09-21,2015-09-21,4940.0,HOLD,BEARISH,BULLISH,,OVERBOUGHT,
2015-09-22,2015-09-22,4980.0,HOLD,BEARISH,BULLISH,,OVERBOUGHT,OVERBOUGHT
2015-09-23,2015-09-23,4960.0,HOLD,BEARISH,BULLISH,OVERBOUGHT,OVERBOUGHT,OVERBOUGHT
2015-09-24,2015-09-24,4976.0,HOLD,BEARISH,BULLISH,,,OVERBOUGHT
2015-09-25,2015-09-25,4977.0,HOLD,BEARISH,BULLISH,,,OVERBOUGHT
2015-09-28,2015-09-28,4995.0,HOLD,BEARISH,BULLISH,OVERBOUGHT,OVERBOUGHT,OVERBOUGHT
2015-09-29,2015-09-29,4970.0,HOLD,BEARISH,BULLISH,,,
2015-09-30,2015-09-30,4970.0,HOLD,BEARISH,BULLISH,,,
2015-10-01,2015-10-01,4985.0,HOLD,BEARISH,BULLISH,,,OVERBOUGHT
2015-10-02,2015-10-02,5000.0,HOLD,BEARISH,BULLISH,,OVERBOUGHT,OVERBOUGHT
2015-10-05,2015-10-05,5000.0,HOLD,BEARISH,BULLISH,OVERBOUGHT,OVERBOUGHT,
2015-10-06,2015-10-06,5030.0,HOLD,BEARISH,BULLISH,OVERBOUGHT,OVERBOUGHT,OVERBOUGHT
2015-10-07,2015-10-07,5010.0,HOLD,BEARISH,BULLISH,,,OVERBOUGHT
2015-10-08,2015-10-08,5090.0,HOLD,BEARISH,BULLISH,OVERBOUGHT,OVERBOUGHT,OVERBOUGHT
2015-10-09,2015-10-09,5051.0,HOLD,BEARISH,BULLISH,,,OVERBOUGHT
2015-10-13,2015-10-13,5052.0,HOLD,BEARISH,BULLISH,,,OVERBOUGHT
2015-10-14,2015-10-14,5052.0,HOLD,BEARISH,BULLISH,,,OVERBOUGHT
2015-10-15,2015-10-15,5052.0,HOLD,BEARISH,BULLISH,,,OVERBOUGHT
2015-10-16,2015-10-16,5052.0,HOLD,BEARISH,BULLISH,,,
2015-10-19,2015-10-19,5054.0,HOLD,BEARISH,BULLISH,,,
2015-10-20,2015-10-20,5055.0,HOLD,BEARISH,BULLISH,OVERBOUGHT,,
2015-10-21,2015-10-21,5053.0,HOLD,BEARISH,BULLISH,OVERBOUGHT,,
2015-10-22,2015-10-22,5056.0,HOLD,BEARISH,BULLISH,,,
2015-10-26,2015-10-26,5058.0,HOLD,BEARISH,BULLISH,,,
2015-10-27,2015-10-27,5051.0,HOLD,BEARISH,BULLISH,,,
2015-10-28,2015-10-28,5100.0,HOLD,BEARISH,BULLISH,,,OVERBOUGHT
2015-10-29,2015-10-29,5100.0,HOLD,BEARISH,BULLISH,OVERBOUGHT,OVERBOUGHT,OVERBOUGHT
2015-10-30,2015-10-30,5102.0,HOLD,BEARISH,BULLISH,,,OVERBOUGHT
2015-11-02,2015-11-02,5150.0,HOLD,BEARISH,BULLISH,OVERBOUGHT,OVERBOUGHT,OVERBOUGHT
2015-11-03,2015-11-03,5156.0,HOLD,BEARISH,BULLISH,OVERBOUGHT,,OVERBOUGHT
2015-11-04,2015-11-04,5208.0,HOLD,BEARISH,BULLISH,OVERBOUGHT,OVERBOUGHT,OVERBOUGHT
2015-11-05,2015-11-05,5300.0,HOLD,BEARISH,BULLISH,OVERBOUGHT,OVERBOUGHT,OVERBOUGHT
2015-11-06,2015-11-06,5350.0,HOLD,BEARISH,BULLISH,OVERBOUGHT,OVERBOUGHT,OVERBOUGHT
2015-11-09,2015-11-09,5302.0,HOLD,BEARISH,BULLISH,OVERBOUGHT,OVERBOUGHT,OVERBOUGHT
2015-11-10,2015-11-10,5290.0,HOLD,BEARISH,BULLISH,OVERBOUGHT,,OVERBOUGHT
2015-11-11,2015-11-11,5300.0,HOLD,BEARISH,BULLISH,OVERBOUGHT,OVERBOUGHT,OVERBOUGHT
2015-11-12,2015-11-12,5300.0,HOLD,BEARISH,BULLISH,OVERBOUGHT,OVERBOUGHT,OVERBOUGHT
2015-11-13,2015-11-13,5250.0,HOLD,BEARISH,BULLISH,OVERBOUGHT,,
2015-11-16,2015-11-16,5250.0,HOLD,BEARISH,BULLISH,OVERBOUGHT,,
2015-11-17,2015-11-17,5250.0,HOLD,BEARISH,BULLISH,OVERBOUGHT,,
2015-11-18,2015-11-18,5250.0,HOLD,BEARISH,BULLISH,OVERBOUGHT,,
2015-11-19,2015-11-19,5256.0,HOLD,BEARISH,BULLISH,OVERBOUGHT,,
2015-11-20,2015-11-20,5350.0,HOLD,BEARISH,BULLISH,OVERBOUGHT,,OVERBOUGHT
2015-11-23,2015-11-23,5350.0,HOLD,BEARISH,BULLISH,OVERBOUGHT,OVERBOUGHT,
2015-11-24,2015-11-24,5499.0,HOLD,BEARISH,BULLISH,OVERBOUGHT,OVERBOUGHT,OVERBOUGHT
2015-11-25,2015-11-25,5420.0,HOLD,BEARISH,BULLISH,,,OVERBOUGHT
2015-11-26,2015-11-26,5404.0,HOLD,BEARISH,BULLISH,,,OVERBOUGHT
2015-11-27,2015-11-27,5402.0,HOLD,BEARISH,BULLISH,,,OVERBOUGHT
2015-11-30,2015-11-30,5402.0,HOLD,BEARISH,BULLISH,,,
2015-12-01,2015-12-01,5403.0,HOLD,BEARISH,BULLISH,,,
2015-12-03,2015-12-03,5403.0,HOLD,BEARISH,BULLISH,,,
2015-12-04,2015-12-04,5407.0,HOLD,BEARISH,BULLISH,OVERBOUGHT,,
2015-12-07,2015-12-07,5400.0,HOLD,BEARISH,BULLISH,OVERBOUGHT,,
2015-12-09,2015-12-09,5400.0,HOLD,BEARISH,BULLISH,OVERBOUGHT,,
2015-12-10,2015-12-10,5400.0,HOLD,BEARISH,BULLISH,OVERBOUGHT,,
2015-12-11,2015-12-11,5450.0,HOLD,BEARISH,BULLISH,OVERBOUGHT,,
2015-12-14,2015-12-14,5417.0,HOLD,BEARISH,BULLISH,,,
2015-12-15,2015-12-15,5420.0,HOLD,BEARISH,BULLISH,,,
2015-12-16,2015-12-16,5420.0,HOLD,BEARISH,BULLISH,OVERSOLD,,
2015-12-17,2015-12-17,5420.0,HOLD,BEARISH,BULLISH,,,
2015-12-18,2015-12-18,5420.0,HOLD,BEARISH,BULLISH,,,
2015-12-21,2015-12-21,5403.0,HOLD,BEARISH,BULLISH,,,
2015-12-22,2015-12-22,5416.0,HOLD,BULLISH,BULLISH,,,
2015-12-23,2015-12-23,5450.0,HOLD,BEARISH,BULLISH,,,OVERBOUGHT
2015-12-24,2015-12-24,5485.0,HOLD,BEARISH,BULLISH,OVERBOUGHT,,OVERBOUGHT
2015-12-25,2015-12-25,5426.0,HOLD,BEARISH,BULLISH,,,OVERBOUGHT
2015-12-28,2015-12-28,5400.0,HOLD,BEARISH,BULLISH,,,
2015-12-29,2015-12-29,5432.0,HOLD,BEARISH,BULLISH,,,
2015-12-30,2015-12-30,5442.0,HOLD,BEARISH,BULLISH,,,OVERBOUGHT
2016-01-04,2016-01-04,5412.0,HOLD,BEARISH,BULLISH,,,
2016-01-05,2016-01-05,5411.0,HOLD,BEARISH,BULLISH,,,
2016-01-08,2016-01-08,5429.0,HOLD,BEARISH,BULLISH,,,
2016-01-11,2016-01-11,5411.0,HOLD,BULLISH,BULLISH,,,
2016-01-12,2016-01-12,5400.0,BUY,BULLISH,BULLISH,,OVERSOLD,OVERSOLD
2016-01-13,2016-01-13,5401.0,BUY,BULLISH,BULLISH,,OVERSOLD,OVERSOLD
2016-01-14,2016-01-14,5400.0,BUY,BULLISH,BULLISH,,OVERSOLD,OVERSOLD
2016-01-15,2016-01-15,5401.0,BUY,BULLISH,BULLISH,,OVERSOLD,
2016-01-18,2016-01-18,5350.0,BUY,BULLISH,BULLISH,,OVERSOLD,OVERSOLD
2016-01-20,2016-01-20,5350.0,BUY,BULLISH,BULLISH,OVERSOLD,OVERSOLD,OVERSOLD
2016-01-21,2016-01-21,5351.0,HOLD,BULLISH,BEARISH,,OVERSOLD,OVERSOLD
2016-01-22,2016-01-22,5397.0,HOLD,BULLISH,BEARISH,,,
2016-01-25,2016-01-25,5350.0,HOLD,BULLISH,BEARISH,,OVERSOLD,OVERSOLD
2016-01-26,2016-01-26,5350.0,HOLD,BULLISH,BEARISH,OVERSOLD,OVERSOLD,OVERSOLD
2016-01-27,2016-01-27,5400.0,HOLD,BULLISH,BEARISH,,,
2016-01-28,2016-01-28,5400.0,HOLD,BULLISH,BEARISH,,,
2016-01-29,2016-01-29,5300.0,HOLD,BULLISH,BEARISH,,,OVERSOLD
2016-02-01,2016-02-01,5250.0,HOLD,BULLISH,BEARISH,OVERSOLD,,OVERSOLD
2016-02-02,2016-02-02,5250.0,HOLD,BULLISH,BEARISH,OVERSOLD,,OVERSOLD
2016-02-03,2016-02-03,5300.0,HOLD,BULLISH,BEARISH,,,OVERSOLD
2016-02-04,2016-02-04,5370.0,HOLD,BULLISH,BEARISH,,,
2016-02-05,2016-02-05,5300.0,HOLD,BULLISH,BEARISH,,,
2016-02-08,2016-02-08,5300.0,HOLD,BULLISH,BEARISH,,,
2016-02-09,2016-02-09,5300.0,HOLD,BULLISH,BEARISH,,,
2016-02-10,2016-02-10,5374.0,HOLD,BULLISH,BEARISH,,,
2016-02-11,2016-02-11,5253.0,HOLD,BULLISH,BEARISH,,,
2016-02-12,2016-02-12,5300.0,HOLD,BULLISH,BEARISH,,,
2016-02-15,2016-02-15,5300.0,HOLD,BULLISH,BEARISH,,,
2016-02-16,2016-02-16,5220.0,HOLD,BULLISH,BEARISH,,,OVERSOLD
2016-02-17,2016-02-17,5300.0,HOLD,BULLISH,BEARISH,,,
2016-02-18,2016-02-18,5300.0,HOLD,BULLISH,BEARISH,,,
2016-02-19,2016-02-19,5300.0,HOLD,BULLISH,BEARISH,,,OVERSOLD
2016-02-22,2016-02-22,5300.0,HOLD,BULLISH,BEARISH,,OVERBOUGHT,
2016-02-23,2016-02-23,5300.0,HOLD,BULLISH,BEARISH,,OVERBOUGHT,
2016-02-24,2016-02-24,5300.0,HOLD,BULLISH,BEARISH,,OVERBOUGHT,
2016-02-25,2016-02-25,5375.0,SELL,BEARISH,BEARISH,,OVERBOUGHT,
2016-02-26,2016-02-26,5350.0,SELL,BEARISH,BEARISH,,OVERBOUGHT,
2016-02-29,2016-02-29,5390.0,HOLD,BEARISH,BULLISH,,OVERBOUGHT,
2016-03-01,2016-03-01,5350.0,HOLD,BEARISH,BULLISH,,OVERBOUGHT,
2016-03-02,2016-03-02,5350.0,HOLD,BEARISH,BULLISH,,OVERBOUGHT,
2016-03-03,2016-03-03,5330.0,HOLD,BEARISH,BULLISH,,OVERBOUGHT,
2016-03-04,2016-03-04,5330.0,HOLD,BEARISH,BULLISH,,OVERBOUGHT,
2016-03-07,2016-03-07,5330.0,HOLD,BEARISH,BULLISH,,OVERBOUGHT,
2016-03-08,2016-03-08,5340.0,HOLD,BEARISH,BULLISH,,OVERBOUGHT,
2016-03-09,2016-03-09,5344.0,HOLD,BEARISH,BULLISH,,OVERBOUGHT,
2016-03-10,2016-03-10,5350.0,HOLD,BEARISH,BULLISH,,,
2016-03-11,2016-03-11,5300.0,HOLD,BEARISH,BULLISH,,,
2016-03-14,2016-03-14,5300.0,HOLD,BEARISH,BEARISH,,OVERSOLD,
2016-03-15,2016-03-15,5300.0,HOLD,BULLISH,BEARISH,,OVERSOLD,
2016-03-16,2016-03-16,5301.0,HOLD,BULLISH,BEARISH,,OVERSOLD,
2016-03-17,2016-03-17,5350.0,HOLD,BULLISH,BEARISH,,,
2016-03-18,2016-03-18,5305.0,HOLD,BULLISH,BEARISH,,,
2016-03-21,2016-03-21,5330.0,HOLD,BULLISH,BEARISH,,,
2016-03-22,2016-03-22,5301.0,HOLD,BULLISH,BEARISH,,,
2016-03-23,2016-03-23,5301.0,HOLD,BULLISH,BEARISH,,,OVERSOLD
2016-03-24,2016-03-24,5320.0,HOLD,BULLISH,BEARISH,,,
2016-03-25,2016-03-25,5300.0,HOLD,BULLISH,BEARISH,,OVERSOLD,
2016-03-28,2016-03-28,5299.0,HOLD,BULLISH,BEARISH,,OVERSOLD,OVERSOLD
2016-03-29,2016-03-29,5220.0,HOLD,BULLISH,BEARISH,,OVERSOLD,OVERSOLD
2016-03-30,2016-03-30,5220.0,HOLD,BULLISH,BEARISH,OVERSOLD,,OVERSOLD
2016-03-31,2016-03-31,5200.0,HOLD,BULLISH,BEARISH,,,
2016-04-01,2016-04-01,5200.0,HOLD,BULLISH,BEARISH,,OVERBOUGHT,
2016-04-04,2016-04-04,5299.0,HOLD,BULLISH,BEARISH,,OVERBOUGHT,
2016-04-05,2016-04-05,5299.0,HOLD,BULLISH,BEARISH,,OVERBOUGHT,
2016-04-06,2016-04-06,5300.0,HOLD,BULLISH,BEARISH,,OVERBOUGHT,
2016-04-07,2016-04-07,5220.0,HOLD,BULLISH,BEARISH,,OVERBOUGHT,
2016-04-08,2016-04-08,5300.0,HOLD,BULLISH,BEARISH,,OVERBOUGHT,
2016-04-11,2016-04-11,5300.0,HOLD,BULLISH,BEARISH,,OVERBOUGHT,
2016-04-12,2016-04-12,5300.0,HOLD,BULLISH,BEARISH,,OVERBOUGHT,
2016-04-13,2016-04-13,5300.0,SELL,BEARISH,BEARISH,,OVERBOUGHT,
2016-04-14,2016-04-14,5300.0,SELL,BEARISH,BEARISH,,OVERBOUGHT,
2016-04-15,2016-04-15,5300.0,SELL,BEARISH,BEARISH,,OVERBOUGHT,
2016-04-18,2016-04-18,5310.0,SELL,BEARISH,BEARISH,,OVERBOUGHT,
2016-04-19,2016-04-19,5300.0,HOLD,BEARISH,BEARISH,,,
2016-04-20,2016-04-20,5199.0,HOLD,BEARISH,BEARISH,,,
2016-04-21,2016-04-21,4950.0,HOLD,BULLISH,BEARISH,,,
2016-04-22,2016-04-22,5000.0,HOLD,BULLISH,BEARISH,OVERSOLD,OVERSOLD,
2016-04-25,2016-04-25,5000.0,HOLD,BULLISH,BEARISH,OVERSOLD,OVERSOLD,
2016-04-26,2016-04-26,5000.0,HOLD,BULLISH,BEARISH,OVERSOLD,OVERSOLD,
2016-04-27,2016-04-27,5000.0,HOLD,BULLISH,BEARISH,OVERSOLD,OVERSOLD,OVERSOLD
2016-04-28,2016-04-28,5001.0,HOLD,BULLISH,BEARISH,OVERSOLD,OVERSOLD,OVERSOLD
2016-05-03,2016-05-03,5003.0,HOLD,BULLISH,BEARISH,OVERSOLD,OVERSOLD,
2016-05-04,2016-05-04,5002.0,HOLD,BULLISH,BEARISH,OVERSOLD,OVERSOLD,
2016-05-05,2016-05-05,5000.0,HOLD,BULLISH,BEARISH,OVERSOLD,OVERSOLD,
2016-05-06,2016-05-06,5000.0,HOLD,BULLISH,BEARISH,OVERSOLD,OVERSOLD,
2016-05-09,2016-05-09,5002.0,HOLD,BULLISH,BEARISH,OVERSOLD,OVERSOLD,
2016-05-10,2016-05-10,5000.0,HOLD,BULLISH,BEARISH,OVERSOLD,OVERSOLD,
2016-05-11,2016-05-11,5000.0,HOLD,BULLISH,BEARISH,OVERSOLD,,
2016-05-12,2016-05-12,4900.0,HOLD,BULLISH,BEARISH,OVERSOLD,OVERSOLD,
2016-05-13,2016-05-13,4900.0,HOLD,BULLISH,BEARISH,,OVERSOLD,
2016-05-16,2016-05-16,4902.0,HOLD,BULLISH,BEARISH,OVERSOLD,OVERSOLD,
2016-05-17,2016-05-17,5050.0,HOLD,BULLISH,BEARISH,,,
2016-05-18,2016-05-18,5000.0,HOLD,BULLISH,BEARISH,,,
2016-05-19,2016-05-19,5000.0,HOLD,BULLISH,BEARISH,,,
2016-05-20,2016-05-20,5000.0,HOLD,BEARISH,BEARISH,,,
2016-05-23,2016-05-23,5050.0,SELL,BEARISH,BEARISH,,,OVERBOUGHT
2016-05-25,2016-05-25,5050.0,SELL,BEARISH,BEARISH,,OVERBOUGHT,OVERBOUGHT
2016-05-26,2016-05-26,5040.0,SELL,BEARISH,BEARISH,,OVERBOUGHT,OVERBOUGHT
2016-05-27,2016-05-27,5000.0,HOLD,BEARISH,BEARISH,,,
2016-05-30,2016-05-30,5000.0,HOLD,BEARISH,BEARISH,,,
2016-05-31,2016-05-31,5000.0,HOLD,BEARISH,BEARISH,,,OVERSOLD
2016-06-01,2016-06-01,4951.0,SELL,BEARISH,BEARISH,,OVERBOUGHT,
2016-06-02,2016-06-02,4916.0,HOLD,BULLISH,BEARISH,,OVERBOUGHT,
2016-06-03,2016-06-03,4944.0,HOLD,BULLISH,BEARISH,,OVERBOUGHT,
2016-06-06,2016-06-06,4950.0,HOLD,BULLISH,BEARISH,,OVERBOUGHT,
2016-06-07,2016-06-07,4950.0,HOLD,BULLISH,BEARISH,,OVERBOUGHT,
2016-06-08,2016-06-08,4998.0,HOLD,BULLISH,BEARISH,,OVERBOUGHT,
2016-06-09,2016-06-09,4961.0,HOLD,BULLISH,BEARISH,,OVERBOUGHT,
2016-06-10,2016-06-10,4998.0,HOLD,BULLISH,BEARISH,,OVERBOUGHT,
2016-06-13,2016-06-13,4990.0,HOLD,BULLISH,BEARISH,,OVERBOUGHT,
2016-06-14,2016-06-14,4990.0,HOLD,BULLISH,BEARISH,,OVERBOUGHT,
2016-06-15,2016-06-15,4984.0,HOLD,BULLISH,BEARISH,,OVERBOUGHT,
2016-06-16,2016-06-16,4960.0,HOLD,BULLISH,BEARISH,,OVERBOUGHT,
2016-06-20,2016-06-20,4999.0,HOLD,BULLISH,BEARISH,,OVERBOUGHT,
2016-06-21,2016-06-21,5000.0,HOLD,BULLISH,BEARISH,,OVERBOUGHT,
2016-06-22,2016-06-22,5006.0,SELL,BEARISH,BEARISH,,OVERBOUGHT,
2016-06-23,2016-06-23,5002.0,SELL,BEARISH,BEARISH,,OVERBOUGHT,
2016-06-24,2016-06-24,5008.0,SELL,BEARISH,BEARISH,,OVERBOUGHT,
2016-06-27,2016-06-27,5012.0,SELL,BEARISH,BEARISH,,OVERBOUGHT,
2016-06-28,2016-06-28,5011.0,SELL,BEARISH,BEARISH,,OVERBOUGHT,
2016-06-29,2016-06-29,5011.0,SELL,BEARISH,BEARISH,,OVERBOUGHT,
2016-06-30,2016-06-30,5014.0,SELL,BEARISH,BEARISH,,OVERBOUGHT,
2016-07-01,2016-07-01,5049.0,HOLD,BEARISH,BULLISH,,OVERBOUGHT,OVERBOUGHT
2016-07-04,2016-07-04,5020.0,HOLD,BEARISH,BULLISH,,,
2016-07-06,2016-07-06,5040.0,HOLD,BEARISH,BULLISH,,OVERBOUGHT,OVERBOUGHT
2016-07-07,2016-07-07,5040.0,HOLD,BEARISH,BULLISH,,OVERBOUGHT,OVERSOLD
2016-07-08,2016-07-08,5021.0,HOLD,BEARISH,BULLISH,,OVERBOUGHT,
2016-07-11,2016-07-11,5021.0,HOLD,BEARISH,BULLISH,,OVERBOUGHT,
2016-07-12,2016-07-12,5041.0,HOLD,BEARISH,BULLISH,,OVERBOUGHT,
2016-07-13,2016-07-13,5040.0,HOLD,BEARISH,BULLISH,,OVERBOUGHT,
2016-07-14,2016-07-14,5041.0,HOLD,BEARISH,BULLISH,,OVERBOUGHT,
2016-07-15,2016-07-15,5041.0,HOLD,BEARISH,BULLISH,,OVERBOUGHT,
2016-07-18,2016-07-18,5040.0,HOLD,BEARISH,BULLISH,,OVERBOUGHT,
2016-07-19,2016-07-19,5040.0,HOLD,BEARISH,BULLISH,,OVERBOUGHT,
2016-07-20,2016-07-20,5051.0,HOLD,BEARISH,BULLISH,,OVERBOUGHT,
2016-07-21,2016-07-21,5100.0,HOLD,BEARISH,BULLISH,OVERBOUGHT,OVERBOUGHT,
2016-07-22,2016-07-22,5100.0,HOLD,BEARISH,BULLISH,,OVERBOUGHT,
2016-07-25,2016-07-25,5100.0,HOLD,BEARISH,BULLISH,OVERBOUGHT,OVERBOUGHT,
2016-07-26,2016-07-26,5100.0,HOLD,BEARISH,BULLISH,OVERBOUGHT,OVERBOUGHT,
2016-07-27,2016-07-27,5100.0,HOLD,BEARISH,BULLISH,OVERBOUGHT,OVERBOUGHT,
2016-07-28,2016-07-28,5100.0,HOLD,BEARISH,BULLISH,OVERBOUGHT,OVERBOUGHT,
2016-07-29,2016-07-29,5120.0,HOLD,BEARISH,BULLISH,OVERBOUGHT,,
2016-08-01,2016-08-01,5200.0,HOLD,BEARISH,BULLISH,OVERBOUGHT,OVERBOUGHT,
2016-08-03,2016-08-03,5200.0,HOLD,BEARISH,BULLISH,OVERBOUGHT,OVERBOUGHT,
2016-08-04,2016-08-04,5250.0,HOLD,BEARISH,BULLISH,OVERBOUGHT,OVERBOUGHT,
2016-08-05,2016-08-05,5300.0,HOLD,BEARISH,BULLISH,OVERBOUGHT,OVERBOUGHT,OVERBOUGHT
2016-08-08,2016-08-08,5220.0,HOLD,BEARISH,BULLISH,OVERBOUGHT,,OVERBOUGHT
2016-08-09,2016-08-09,5300.0,HOLD,BEARISH,BULLISH,OVERBOUGHT,,OVERBOUGHT
2016-08-10,2016-08-10,5202.0,HOLD,BEARISH,BULLISH,,,
2016-08-11,2016-08-11,5202.0,HOLD,BEARISH,BULLISH,,,
2016-08-12,2016-08-12,5204.0,HOLD,BEARISH,BULLISH,,,
2016-08-15,2016-08-15,5205.0,HOLD,BEARISH,BULLISH,,,
2016-08-16,2016-08-16,5250.0,HOLD,BEARISH,BULLISH,,,
2016-08-17,2016-08-17,5303.0,HOLD,BEARISH,BULLISH,,,OVERBOUGHT
2016-08-18,2016-08-18,5306.0,HOLD,BEARISH,BULLISH,,,OVERBOUGHT
2016-08-19,2016-08-19,5350.0,HOLD,BEARISH,BULLISH,,,OVERBOUGHT
2016-08-22,2016-08-22,5352.0,HOLD,BEARISH,BULLISH,,,OVERBOUGHT
2016-08-23,2016-08-23,5350.0,HOLD,BEARISH,BULLISH,,,OVERBOUGHT
2016-08-24,2016-08-24,5400.0,HOLD,BEARISH,BULLISH,,,OVERBOUGHT
2016-08-25,2016-08-25,5355.0,HOLD,BEARISH,BULLISH,,,
2016-08-26,2016-08-26,5356.0,HOLD,BEARISH,BULLISH,,,
2016-08-29,2016-08-29,5351.0,HOLD,BEARISH,BULLISH,,,
2016-08-30,2016-08-30,5398.0,HOLD,BEARISH,BULLISH,OVERBOUGHT,OVERBOUGHT,OVERBOUGHT
2016-08-31,2016-08-31,5350.0,HOLD,BEARISH,BULLISH,OVERBOUGHT,,
2016-09-01,2016-09-01,5396.0,HOLD,BEARISH,BULLISH,OVERBOUGHT,OVERBOUGHT,
2016-09-02,2016-09-02,5396.0,HOLD,BEARISH,BULLISH,OVERBOUGHT,OVERBOUGHT,
2016-09-05,2016-09-05,5305.0,HOLD,BEARISH,BULLISH,,,
2016-09-06,2016-09-06,5325.0,HOLD,BEARISH,BULLISH,,,
2016-09-07,2016-09-07,5311.0,HOLD,BEARISH,BULLISH,,OVERSOLD,
2016-09-09,2016-09-09,5350.0,HOLD,BEARISH,BULLISH,,,
2016-09-12,2016-09-12,5350.0,HOLD,BEARISH,BULLISH,,,
2016-09-13,2016-09-13,5350.0,HOLD,BULLISH,BULLISH,,,
2016-09-14,2016-09-14,5350.0,HOLD,BULLISH,BULLISH,,,
2016-09-15,2016-09-15,5350.0,HOLD,BULLISH,BULLISH,,,
2016-09-16,2016-09-16,5351.0,HOLD,BULLISH,BULLISH,,,
2016-09-19,2016-09-19,5352.0,HOLD,BULLISH,BULLISH,,,
2016-09-20,2016-09-20,5353.0,HOLD,BULLISH,BULLISH,,,
2016-09-21,2016-09-21,5371.0,HOLD,BULLISH,BULLISH,,,
2016-09-22,2016-09-22,5399.0,HOLD,BEARISH,BULLISH,,,OVERBOUGHT
2016-09-23,2016-09-23,5399.0,HOLD,BEARISH,BULLISH,,OVERBOUGHT,OVERBOUGHT
2016-09-26,2016-09-26,5361.0,HOLD,BEARISH,BULLISH,,,
2016-09-27,2016-09-27,5371.0,HOLD,BEARISH,BULLISH,,,
2016-09-28,2016-09-28,5400.0,HOLD,BEARISH,BULLISH,OVERBOUGHT,,OVERBOUGHT
2016-09-29,2016-09-29,5400.0,HOLD,BEARISH,BULLISH,,,OVERBOUGHT
2016-09-30,2016-09-30,5450.0,HOLD,BEARISH,BULLISH,OVERBOUGHT,OVERBOUGHT,OVERBOUGHT
2016-10-03,2016-10-03,5430.0,HOLD,BEARISH,BULLISH,OVERBOUGHT,,OVERBOUGHT
2016-10-04,2016-10-04,5450.0,HOLD,BEARISH,BULLISH,OVERBOUGHT,OVERBOUGHT,OVERBOUGHT
2016-10-05,2016-10-05,5490.0,HOLD,BEARISH,BULLISH,OVERBOUGHT,OVERBOUGHT,OVERBOUGHT
2016-10-06,2016-10-06,5450.0,HOLD,BEARISH,BULLISH,,,OVERBOUGHT
2016-10-07,2016-10-07,5450.0,HOLD,BEARISH,BULLISH,,,OVERBOUGHT
2016-10-10,2016-10-10,5460.0,HOLD,BEARISH,BULLISH,,,OVERBOUGHT
2016-10-12,2016-10-12,5489.0,HOLD,BEARISH,BULLISH,,OVERBOUGHT,OVERBOUGHT
2016-10-13,2016-10-13,5470.0,HOLD,BEARISH,BULLISH,,OVERBOUGHT,OVERBOUGHT
2016-10-14,2016-10-14,5411.0,HOLD,BEARISH,BULLISH,,,
2016-10-17,2016-10-17,5460.0,HOLD,BEARISH,BULLISH,,,
2016-10-18,2016-10-18,5430.0,HOLD,BEARISH,BULLISH,,,
2016-10-19,2016-10-19,5450.0,HOLD,BEARISH,BULLISH,,,
2016-10-20,2016-10-20,5450.0,HOLD,BEARISH,BULLISH,,,
2016-10-21,2016-10-21,5450.0,HOLD,BEARISH,BULLISH,,,
2016-10-25,2016-10-25,5430.0,HOLD,BEARISH,BULLISH,,,
2016-10-26,2016-10-26,5430.0,HOLD,BULLISH,BULLISH,,,
2016-10-27,2016-10-27,5400.0,BUY,BULLISH,BULLISH,,OVERSOLD,OVERSOLD
2016-10-28,2016-10-28,5450.0,HOLD,BULLISH,BULLISH,,,
2016-10-31,2016-10-31,5400.0,BUY,BULLISH,BULLISH,,OVERSOLD,OVERSOLD
2016-11-01,2016-11-01,5353.0,BUY,BULLISH,BULLISH,,OVERSOLD,OVERSOLD
2016-11-02,2016-11-02,5400.0,BUY,BULLISH,BULLISH,,,OVERSOLD
2016-11-03,2016-11-03,5450.0,HOLD,BULLISH,BULLISH,,,
2016-11-04,2016-11-04,5488.0,HOLD,BULLISH,BULLISH,,,
2016-11-07,2016-11-07,5486.0,HOLD,BEARISH,BULLISH,,OVERBOUGHT,OVERBOUGHT
2016-11-08,2016-11-08,5479.0,HOLD,BEARISH,BULLISH,,OVERBOUGHT,OVERBOUGHT
2016-11-09,2016-11-09,5450.0,HOLD,BEARISH,BULLISH,,,
2016-11-10,2016-11-10,5478.0,HOLD,BEARISH,BULLISH,,OVERBOUGHT,
2016-11-11,2016-11-11,5450.0,HOLD,BEARISH,BULLISH,,,
2016-11-14,2016-11-14,5461.0,HOLD,BEARISH,BULLISH,,OVERBOUGHT,
2016-11-15,2016-11-15,5450.0,HOLD,BEARISH,BULLISH,,,
2016-11-16,2016-11-16,5450.0,HOLD,BEARISH,BULLISH,,,
2016-11-17,2016-11-17,5471.0,HOLD,BEARISH,BULLISH,,,
2016-11-18,2016-11-18,5499.0,HOLD,BEARISH,BULLISH,,OVERBOUGHT,OVERBOUGHT
2016-11-21,2016-11-21,5490.0,HOLD,BEARISH,BULLISH,OVERBOUGHT,OVERBOUGHT,
2016-11-22,2016-11-22,5462.0,HOLD,BEARISH,BULLISH,,,
2016-11-23,2016-11-23,5400.0,HOLD,BEARISH,BULLISH,,,
2016-11-24,2016-11-24,5400.0,BUY,BULLISH,BULLISH,,,OVERSOLD
2016-11-25,2016-11-25,5290.0,HOLD,BULLISH,BEARISH,OVERSOLD,,
2016-11-28,2016-11-28,5400.0,HOLD,BULLISH,BEARISH,,OVERBOUGHT,
2016-11-29,2016-11-29,5400.0,HOLD,BULLISH,BEARISH,,OVERBOUGHT,
2016-12-01,2016-12-01,5400.0,HOLD,BULLISH,BEARISH,,OVERBOUGHT,
2016-12-02,2016-12-02,5400.0,HOLD,BULLISH,BEARISH,,OVERBOUGHT,
2016-12-05,2016-12-05,5440.0,HOLD,BULLISH,BEARISH,,OVERBOUGHT,
2016-12-06,2016-12-06,5400.0,HOLD,BULLISH,BEARISH,,OVERBOUGHT,
2016-12-07,2016-12-07,5401.0,HOLD,BULLISH,BEARISH,,OVERBOUGHT,
2016-12-09,2016-12-09,5435.0,HOLD,BULLISH,BEARISH,,OVERBOUGHT,
2016-12-12,2016-12-12,5352.0,HOLD,BULLISH,BEARISH,,OVERBOUGHT,
2016-12-13,2016-12-13,5350.0,HOLD,BULLISH,BEARISH,,OVERBOUGHT,
2016-12-14,2016-12-14,5400.0,HOLD,BULLISH,BEARISH,,OVERBOUGHT,
2016-12-15,2016-12-15,5349.0,HOLD,BULLISH,BEARISH,,OVERBOUGHT,
2016-12-16,2016-12-16,5350.0,HOLD,BULLISH,BEARISH,,,
2016-12-19,2016-12-19,5330.0,HOLD,BULLISH,BEARISH,,,
2016-12-20,2016-12-20,5350.0,HOLD,BULLISH,BEARISH,,,
2016-12-21,2016-12-21,5331.0,HOLD,BULLISH,BEARISH,,,
2016-12-22,2016-12-22,5300.0,HOLD,BULLISH,BEARISH,,OVERSOLD,
2016-12-23,2016-12-23,5300.0,HOLD,BULLISH,BEARISH,,OVERSOLD,
2016-12-26,2016-12-26,5330.0,HOLD,BULLISH,BEARISH,,,
2016-12-27,2016-12-27,5350.0,HOLD,BULLISH,BEARISH,,,
2016-12-28,2016-12-28,5350.0,HOLD,BULLISH,BEARISH,,,
2016-12-29,2016-12-29,5350.0,HOLD,BULLISH,BEARISH,,,OVERSOLD
2017-01-03,2017-01-03,5400.0,HOLD,BULLISH,BEARISH,,,
2017-01-04,2017-01-04,5400.0,HOLD,BULLISH,BEARISH,,OVERBOUGHT,
2017-01-05,2017-01-05,5400.0,SELL,BEARISH,BEARISH,,OVERBOUGHT,
2017-01-09,2017-01-09,5400.0,SELL,BEARISH,BEARISH,,OVERBOUGHT,
2017-01-10,2017-01-10,5400.0,SELL,BEARISH,BEARISH,,OVERBOUGHT,
2017-01-11,2017-01-11,5358.0,SELL,BEARISH,BEARISH,,OVERBOUGHT,
2017-01-12,2017-01-12,5400.0,SELL,BEARISH,BEARISH,,OVERBOUGHT,
2017-01-13,2017-01-13,5400.0,HOLD,BEARISH,BULLISH,,OVERBOUGHT,
2017-01-16,2017-01-16,5400.0,HOLD,BEARISH,BULLISH,OVERBOUGHT,OVERBOUGHT,
2017-01-17,2017-01-17,5400.0,HOLD,BEARISH,BULLISH,OVERBOUGHT,OVERBOUGHT,
2017-01-18,2017-01-18,5400.0,HOLD,BEARISH,BULLISH,OVERBOUGHT,OVERBOUGHT,
2017-01-20,2017-01-20,5352.0,HOLD,BEARISH,BULLISH,,OVERBOUGHT,
2017-01-23,2017-01-23,5354.0,SELL,BEARISH,BEARISH,,OVERBOUGHT,
2017-01-24,2017-01-24,5400.0,HOLD,BEARISH,BULLISH,,,
2017-01-25,2017-01-25,5420.0,HOLD,BEARISH,BULLISH,,OVERBOUGHT,
2017-01-26,2017-01-26,5406.0,HOLD,BEARISH,BULLISH,,,
2017-01-27,2017-01-27,5450.0,HOLD,BEARISH,BULLISH,,OVERBOUGHT,
2017-01-30,2017-01-30,5450.0,HOLD,BEARISH,BULLISH,,OVERBOUGHT,
2017-01-31,2017-01-31,5499.0,HOLD,BEARISH,BULLISH,,OVERBOUGHT,
2017-02-01,2017-02-01,5500.0,HOLD,BEARISH,BULLISH,OVERBOUGHT,OVERBOUGHT,OVERBOUGHT
2017-02-02,2017-02-02,5483.0,HOLD,BEARISH,BULLISH,,OVERBOUGHT,OVERBOUGHT
2017-02-03,2017-02-03,5500.0,HOLD,BEARISH,BULLISH,,OVERBOUGHT,OVERBOUGHT
2017-02-06,2017-02-06,5500.0,HOLD,BEARISH,BULLISH,,OVERBOUGHT,OVERBOUGHT
2017-02-07,2017-02-07,5500.0,HOLD,BEARISH,BULLISH,,OVERBOUGHT,OVERBOUGHT
2017-02-08,2017-02-08,5600.0,HOLD,BEARISH,BULLISH,OVERBOUGHT,OVERBOUGHT,OVERBOUGHT
2017-02-09,2017-02-09,5516.0,HOLD,BEARISH,BULLISH,OVERBOUGHT,,
2017-02-10,2017-02-10,5596.0,HOLD,BEARISH,BULLISH,OVERBOUGHT,OVERBOUGHT,OVERBOUGHT
2017-02-13,2017-02-13,5527.0,HOLD,BEARISH,BULLISH,,,
2017-02-14,2017-02-14,5550.0,HOLD,BEARISH,BULLISH,,,
2017-02-15,2017-02-15,5559.0,HOLD,BEARISH,BULLISH,,,OVERBOUGHT
2017-02-16,2017-02-16,5550.0,HOLD,BEARISH,BULLISH,,,
2017-02-17,2017-02-17,5501.0,HOLD,BEARISH,BULLISH,,,
2017-02-20,2017-02-20,5500.0,HOLD,BEARISH,BULLISH,,,
2017-02-21,2017-02-21,5511.0,HOLD,BEARISH,BULLISH,,,
2017-02-22,2017-02-22,5595.0,HOLD,BEARISH,BULLISH,,,OVERBOUGHT
2017-02-23,2017-02-23,5550.0,HOLD,BEARISH,BULLISH,,,
2017-02-24,2017-02-24,5502.0,HOLD,BEARISH,BULLISH,,,
2017-02-27,2017-02-27,5501.0,BUY,BULLISH,BULLISH,,OVERSOLD,
2017-02-28,2017-02-28,5596.0,HOLD,BEARISH,BULLISH,,,
2017-03-01,2017-03-01,5601.0,HOLD,BEARISH,BULLISH,,,OVERBOUGHT
2017-03-02,2017-03-02,5620.0,HOLD,BEARISH,BULLISH,,OVERBOUGHT,OVERBOUGHT
2017-03-03,2017-03-03,5651.0,HOLD,BEARISH,BULLISH,,OVERBOUGHT,OVERBOUGHT
2017-03-06,2017-03-06,5630.0,HOLD,BEARISH,BULLISH,,,OVERBOUGHT
2017-03-07,2017-03-07,5600.0,HOLD,BEARISH,BULLISH,,,OVERBOUGHT
2017-03-08,2017-03-08,5650.0,HOLD,BEARISH,BULLISH,,,OVERBOUGHT
2017-03-09,2017-03-09,5600.0,HOLD,BEARISH,BULLISH,,,
2017-03-10,2017-03-10,5600.0,HOLD,BEARISH,BULLISH,,,
2017-03-13,2017-03-13,5650.0,HOLD,BEARISH,BULLISH,,,
2017-03-14,2017-03-14,5600.0,HOLD,BEARISH,BULLISH,,,
2017-03-15,2017-03-15,5655.0,HOLD,BEARISH,BULLISH,,,
2017-03-16,2017-03-16,5657.0,HOLD,BEARISH,BULLISH,,,OVERBOUGHT
2017-03-17,2017-03-17,5690.0,HOLD,BEARISH,BULLISH,,OVERBOUGHT,OVERBOUGHT
2017-03-20,2017-03-20,5690.0,HOLD,BEARISH,BULLISH,,OVERBOUGHT,OVERBOUGHT
2017-03-21,2017-03-21,5701.0,HOLD,BEARISH,BULLISH,,OVERBOUGHT,OVERBOUGHT
2017-03-22,2017-03-22,5656.0,HOLD,BEARISH,BULLISH,,,
2017-03-23,2017-03-23,5700.0,HOLD,BEARISH,BULLISH,,OVERBOUGHT,OVERBOUGHT
2017-03-24,2017-03-24,5700.0,HOLD,BEARISH,BULLISH,,OVERBOUGHT,OVERSOLD
2017-03-27,2017-03-27,5700.0,HOLD,BEARISH,BULLISH,,OVERBOUGHT,
2017-03-28,2017-03-28,5702.0,HOLD,BEARISH,BULLISH,,OVERBOUGHT,
2017-03-29,2017-03-29,5710.0,HOLD,BEARISH,BULLISH,,OVERBOUGHT,
2017-03-30,2017-03-30,5705.0,HOLD,BEARISH,BULLISH,,OVERBOUGHT,
2017-03-31,2017-03-31,5715.0,HOLD,BEARISH,BULLISH,,OVERBOUGHT,
2017-04-03,2017-04-03,5750.0,HOLD,BEARISH,BULLISH,OVERBOUGHT,OVERBOUGHT,
2017-04-04,2017-04-04,5760.0,HOLD,BEARISH,BULLISH,OVERBOUGHT,OVERBOUGHT,
2017-04-05,2017-04-05,5771.0,HOLD,BEARISH,BULLISH,OVERBOUGHT,OVERBOUGHT,
2017-04-06,2017-04-06,5850.0,HOLD,BEARISH,BULLISH,OVERBOUGHT,OVERBOUGHT,
2017-04-07,2017-04-07,5900.0,HOLD,BEARISH,BULLISH,OVERBOUGHT,OVERBOUGHT,
2017-04-10,2017-04-10,5900.0,HOLD,BEARISH,BULLISH,OVERBOUGHT,OVERBOUGHT,
2017-04-11,2017-04-11,5800.0,HOLD,BEARISH,BULLISH,OVERBOUGHT,OVERBOUGHT,
2017-04-12,2017-04-12,5800.0,HOLD,BEARISH,BULLISH,,OVERBOUGHT,OVERSOLD
2017-04-13,2017-04-13,5790.0,HOLD,BEARISH,BULLISH,,OVERBOUGHT,
2017-04-18,2017-04-18,5760.0,HOLD,BEARISH,BULLISH,,OVERBOUGHT,
2017-04-19,2017-04-19,5550.0,HOLD,BEARISH,BULLISH,,OVERBOUGHT,
2017-04-20,2017-04-20,5501.0,HOLD,BULLISH,BULLISH,,OVERBOUGHT,
2017-04-21,2017-04-21,5500.0,HOLD,BULLISH,BEARISH,,OVERBOUGHT,
2017-04-24,2017-04-24,5549.0,HOLD,BULLISH,BEARISH,,OVERBOUGHT,
2017-04-25,2017-04-25,5500.0,HOLD,BULLISH,BEARISH,,OVERBOUGHT,
2017-04-26,2017-04-26,5501.0,HOLD,BULLISH,BEARISH,OVERSOLD,OVERBOUGHT,
2017-04-27,2017-04-27,5500.0,HOLD,BULLISH,BEARISH,OVERSOLD,OVERBOUGHT,
2017-04-28,2017-04-28,5500.0,HOLD,BULLISH,BEARISH,OVERSOLD,OVERBOUGHT,OVERSOLD
2017-05-02,2017-05-02,5549.0,HOLD,BULLISH,BEARISH,OVERSOLD,OVERBOUGHT,
2017-05-03,2017-05-03,5520.0,HOLD,BULLISH,BEARISH,OVERSOLD,OVERBOUGHT,
2017-05-04,2017-05-04,5515.0,HOLD,BULLISH,BEARISH,OVERSOLD,OVERBOUGHT,
2017-05-05,2017-05-05,5550.0,HOLD,BULLISH,BEARISH,OVERSOLD,OVERBOUGHT,
2017-05-08,2017-05-08,5550.0,HOLD,BULLISH,BEARISH,OVERSOLD,OVERBOUGHT,
2017-05-09,2017-05-09,5515.0,HOLD,BULLISH,BEARISH,OVERSOLD,OVERBOUGHT,
2017-05-10,2017-05-10,5550.0,HOLD,BULLISH,BEARISH,,OVERBOUGHT,
2017-05-11,2017-05-11,5550.0,HOLD,BULLISH,BEARISH,,OVERBOUGHT,
2017-05-12,2017-05-12,5555.0,HOLD,BULLISH,BEARISH,,OVERBOUGHT,
2017-05-15,2017-05-15,5600.0,SELL,BEARISH,BEARISH,,OVERBOUGHT,
2017-05-16,2017-05-16,5600.0,SELL,BEARISH,BEARISH,OVERBOUGHT,OVERBOUGHT,
2017-05-17,2017-05-17,5600.0,SELL,BEARISH,BEARISH,OVERBOUGHT,OVERBOUGHT,
2017-05-18,2017-05-18,5601.0,SELL,BEARISH,BEARISH,OVERBOUGHT,OVERBOUGHT,
2017-05-19,2017-05-19,5850.0,HOLD,BEARISH,BULLISH,OVERBOUGHT,OVERBOUGHT,
2017-05-22,2017-05-22,5860.0,HOLD,BEARISH,BULLISH,OVERBOUGHT,OVERBOUGHT,
2017-05-23,2017-05-23,5800.0,HOLD,BEARISH,BULLISH,OVERBOUGHT,OVERBOUGHT,
2017-05-25,2017-05-25,5700.0,HOLD,BEARISH,BULLISH,,,
2017-05-26,2017-05-26,5699.0,HOLD,BEARISH,BULLISH,,,
2017-05-29,2017-05-29,5700.0,HOLD,BEARISH,BULLISH,,,
2017-05-30,2017-05-30,5670.0,HOLD,BEARISH,BULLISH,,,
2017-05-31,2017-05-31,5700.0,HOLD,BEARISH,BULLISH,,,
2017-06-01,2017-06-01,5750.0,HOLD,BEARISH,BULLISH,,,
2017-06-05,2017-06-05,5710.0,HOLD,BEARISH,BULLISH,,,
2017-06-06,2017-06-06,5750.0,HOLD,BEARISH,BULLISH,,,
2017-06-07,2017-06-07,5750.0,HOLD,BEARISH,BULLISH,,,
2017-06-08,2017-06-08,5750.0,HOLD,BEARISH,BULLISH,,,
2017-06-09,2017-06-09,5746.0,HOLD,BEARISH,BULLISH,,,
2017-06-12,2017-06-12,5800.0,HOLD,BEARISH,BULLISH,,,
2017-06-13,2017-06-13,5800.0,HOLD,BEARISH,BULLISH,,,
2017-06-14,2017-06-14,5800.0,HOLD,BEARISH,BULLISH,,OVERBOUGHT,
2017-06-15,2017-06-15,5800.0,HOLD,BEARISH,BULLISH,,OVERBOUGHT,
2017-06-16,2017-06-16,5750.0,HOLD,BEARISH,BULLISH,,,
2017-06-19,2017-06-19,5750.0,HOLD,BEARISH,BULLISH,,,
2017-06-20,2017-06-20,5750.0,HOLD,BEARISH,BULLISH,,,
2017-06-21,2017-06-21,5800.0,HOLD,BEARISH,BULLISH,,,
2017-06-22,2017-06-22,5840.0,HOLD,BEARISH,BULLISH,,OVERBOUGHT,OVERBOUGHT
2017-06-23,2017-06-23,5800.0,HOLD,BEARISH,BULLISH,,,OVERBOUGHT
2017-06-27,2017-06-27,5850.0,HOLD,BEARISH,BULLISH,,OVERBOUGHT,OVERBOUGHT
2017-06-28,2017-06-28,5800.0,HOLD,BEARISH,BULLISH,,,
2017-06-29,2017-06-29,5805.0,HOLD,BEARISH,BULLISH,,,
2017-06-30,2017-06-30,5805.0,HOLD,BEARISH,BULLISH,,,
2017-07-03,2017-07-03,5806.0,HOLD,BEARISH,BULLISH,,,
2017-07-04,2017-07-04,5800.0,HOLD,BEARISH,BULLISH,,,
2017-07-05,2017-07-05,5800.0,HOLD,BEARISH,BULLISH,,,
2017-07-06,2017-07-06,5821.0,HOLD,BEARISH,BULLISH,,,
2017-07-07,2017-07-07,5851.0,HOLD,BEARISH,BULLISH,,,OVERBOUGHT
2017-07-10,2017-07-10,5900.0,HOLD,BEARISH,BULLISH,OVERBOUGHT,OVERBOUGHT,OVERBOUGHT
2017-07-11,2017-07-11,6000.0,HOLD,BEARISH,BULLISH,OVERBOUGHT,OVERBOUGHT,OVERBOUGHT
2017-07-12,2017-07-12,6100.0,HOLD,BEARISH,BULLISH,OVERBOUGHT,OVERBOUGHT,OVERBOUGHT
2017-07-13,2017-07-13,6200.0,HOLD,BEARISH,BULLISH,OVERBOUGHT,OVERBOUGHT,OVERBOUGHT
2017-07-14,2017-07-14,6200.0,HOLD,BEARISH,BULLISH,OVERBOUGHT,OVERBOUGHT,OVERBOUGHT
2017-07-17,2017-07-17,6250.0,HOLD,BEARISH,BULLISH,OVERBOUGHT,OVERBOUGHT,OVERBOUGHT
2017-07-18,2017-07-18,6251.0,HOLD,BEARISH,BULLISH,OVERBOUGHT,OVERBOUGHT,OVERBOUGHT
2017-07-19,2017-07-19,6390.0,HOLD,BEARISH,BULLISH,OVERBOUGHT,OVERBOUGHT,OVERBOUGHT
2017-07-20,2017-07-20,6608.0,HOLD,BEARISH,BULLISH,OVERBOUGHT,OVERBOUGHT,OVERBOUGHT
2017-07-21,2017-07-21,6800.0,HOLD,BEARISH,BULLISH,OVERBOUGHT,OVERBOUGHT,OVERBOUGHT
2017-07-24,2017-07-24,6901.0,HOLD,BEARISH,BULLISH,OVERBOUGHT,OVERBOUGHT,OVERBOUGHT
2017-07-25,2017-07-25,6900.0,HOLD,BEARISH,BULLISH,OVERBOUGHT,OVERBOUGHT,OVERBOUGHT
2017-07-26,2017-07-26,6800.0,HOLD,BEARISH,BULLISH,OVERBOUGHT,OVERBOUGHT,OVERBOUGHT
2017-07-27,2017-07-27,6600.0,HOLD,BEARISH,BULLISH,OVERBOUGHT,,
2017-07-28,2017-07-28,6415.0,HOLD,BEARISH,BULLISH,,,
2017-07-31,2017-07-31,6400.0,HOLD,BEARISH,BULLISH,,,
2017-08-01,2017-08-01,6430.0,HOLD,BEARISH,BULLISH,,,
2017-08-03,2017-08-03,6465.0,HOLD,BEARISH,BULLISH,,,
2017-08-04,2017-08-04,6600.0,HOLD,BEARISH,BULLISH,,,
2017-08-07,2017-08-07,6700.0,HOLD,BEARISH,BULLISH,,,
2017-08-08,2017-08-08,6601.0,HOLD,BEARISH,BULLISH,,,
2017-08-09,2017-08-09,6650.0,HOLD,BEARISH,BULLISH,,,
2017-08-10,2017-08-10,6700.0,HOLD,BEARISH,BULLISH,,,
2017-08-11,2017-08-11,6715.0,HOLD,BEARISH,BULLISH,,,
2017-08-14,2017-08-14,6800.0,HOLD,BEARISH,BULLISH,,,
2017-08-15,2017-08-15,6810.0,HOLD,BEARISH,BULLISH,,,
2017-08-16,2017-08-16,6800.0,HOLD,BEARISH,BULLISH,,OVERBOUGHT,
2017-08-17,2017-08-17,6800.0,HOLD,BEARISH,BULLISH,,OVERBOUGHT,
2017-08-18,2017-08-18,6899.0,HOLD,BEARISH,BULLISH,OVERBOUGHT,OVERBOUGHT,
2017-08-21,2017-08-21,6810.0,HOLD,BEARISH,BULLISH,OVERBOUGHT,OVERBOUGHT,
2017-08-22,2017-08-22,6810.0,HOLD,BEARISH,BULLISH,OVERBOUGHT,OVERBOUGHT,
2017-08-23,2017-08-23,6840.0,HOLD,BEARISH,BULLISH,OVERBOUGHT,OVERBOUGHT,
2017-08-24,2017-08-24,6810.0,HOLD,BEARISH,BULLISH,,,
2017-08-25,2017-08-25,6797.0,HOLD,BEARISH,BULLISH,,,
2017-08-29,2017-08-29,6800.0,HOLD,BEARISH,BULLISH,OVERBOUGHT,,
2017-08-30,2017-08-30,6800.0,HOLD,BEARISH,BULLISH,,,
2017-08-31,2017-08-31,6840.0,HOLD,BEARISH,BULLISH,,,
2017-09-01,2017-09-01,6840.0,HOLD,BEARISH,BULLISH,,,
2017-09-04,2017-09-04,6900.0,HOLD,BEARISH,BULLISH,,,
2017-09-05,2017-09-05,6850.0,HOLD,BEARISH,BULLISH,,,
2017-09-06,2017-09-06,7000.0,HOLD,BEARISH,BULLISH,,OVERBOUGHT,OVERBOUGHT
2017-09-07,2017-09-07,7011.0,HOLD,BEARISH,BULLISH,,OVERBOUGHT,OVERBOUGHT
2017-09-11,2017-09-11,7100.0,HOLD,BEARISH,BULLISH,,OVERBOUGHT,OVERBOUGHT
2017-09-12,2017-09-12,7100.0,HOLD,BEARISH,BULLISH,OVERBOUGHT,OVERBOUGHT,OVERBOUGHT
2017-09-13,2017-09-13,7101.0,HOLD,BEARISH,BULLISH,OVERBOUGHT,OVERBOUGHT,OVERBOUGHT
2017-09-14,2017-09-14,7110.0,HOLD,BEARISH,BULLISH,OVERBOUGHT,OVERBOUGHT,OVERBOUGHT
2017-09-15,2017-09-15,7103.0,HOLD,BEARISH,BULLISH,OVERBOUGHT,OVERBOUGHT,OVERBOUGHT
2017-09-18,2017-09-18,7110.0,HOLD,BEARISH,BULLISH,OVERBOUGHT,OVERBOUGHT,OVERBOUGHT
2017-09-19,2017-09-19,7150.0,HOLD,BEARISH,BULLISH,OVERBOUGHT,OVERBOUGHT,OVERBOUGHT
2017-09-20,2017-09-20,7163.0,HOLD,BEARISH,BULLISH,OVERBOUGHT,OVERBOUGHT,OVERBOUGHT
2017-09-21,2017-09-21,7300.0,HOLD,BEARISH,BULLISH,OVERBOUGHT,OVERBOUGHT,OVERBOUGHT
2017-09-22,2017-09-22,7300.0,HOLD,BEARISH,BULLISH,OVERBOUGHT,OVERBOUGHT,OVERBOUGHT
2017-09-25,2017-09-25,7300.0,HOLD,BEARISH,BULLISH,OVERBOUGHT,OVERBOUGHT,OVERBOUGHT
2017-09-26,2017-09-26,7400.0,HOLD,BEARISH,BULLISH,OVERBOUGHT,OVERBOUGHT,OVERBOUGHT
2017-09-27,2017-09-27,7500.0,HOLD,BEARISH,BULLISH,OVERBOUGHT,OVERBOUGHT,OVERBOUGHT
2017-09-28,2017-09-28,7600.0,HOLD,BEARISH,BULLISH,OVERBOUGHT,OVERBOUGHT,OVERBOUGHT
2017-09-29,2017-09-29,7500.0,HOLD,BEARISH,BULLISH,OVERBOUGHT,OVERBOUGHT,OVERBOUGHT
2017-10-02,2017-10-02,7420.0,HOLD,BEARISH,BULLISH,OVERBOUGHT,,OVERBOUGHT
2017-10-03,2017-10-03,7285.0,HOLD,BEARISH,BULLISH,,,
2017-10-04,2017-10-04,7175.0,HOLD,BEARISH,BULLISH,,,
2017-10-05,2017-10-05,7200.0,HOLD,BEARISH,BULLISH,,,
2017-10-06,2017-10-06,7257.0,HOLD,BEARISH,BULLISH,,,
2017-10-09,2017-10-09,7300.0,HOLD,BEARISH,BULLISH,,,
2017-10-10,2017-10-10,7450.0,HOLD,BEARISH,BULLISH,,,
2017-10-12,2017-10-12,7450.0,HOLD,BEARISH,BULLISH,,,
2017-10-13,2017-10-13,7456.0,HOLD,BEARISH,BULLISH,,,
2017-10-16,2017-10-16,7550.0,HOLD,BEARISH,BULLISH,,,OVERBOUGHT
2017-10-17,2017-10-17,7600.0,HOLD,BEARISH,BULLISH,,OVERBOUGHT,OVERBOUGHT
2017-10-18,2017-10-18,7600.0,HOLD,BEARISH,BULLISH,,OVERBOUGHT,OVERBOUGHT
2017-10-19,2017-10-19,7600.0,HOLD,BEARISH,BULLISH,,OVERBOUGHT,
2017-10-20,2017-10-20,7600.0,HOLD,BEARISH,BULLISH,,OVERBOUGHT,
2017-10-24,2017-10-24,7550.0,HOLD,BEARISH,BULLISH,,OVERBOUGHT,
2017-10-25,2017-10-25,7325.0,HOLD,BEARISH,BULLISH,,,
2017-10-26,2017-10-26,7400.0,HOLD,BEARISH,BULLISH,,,
2017-10-27,2017-10-27,7499.0,HOLD,BEARISH,BULLISH,,,
2017-10-30,2017-10-30,7401.0,HOLD,BEARISH,BULLISH,,,
2017-10-31,2017-10-31,7480.0,HOLD,BEARISH,BULLISH,,,
2017-11-01,2017-11-01,7450.0,HOLD,BEARISH,BULLISH,,,
2017-11-02,2017-11-02,7500.0,HOLD,BEARISH,BULLISH,,,
2017-11-03,2017-11-03,7500.0,HOLD,BEARISH,BULLISH,,,
2017-11-06,2017-11-06,7450.0,HOLD,BULLISH,BULLISH,,,
2017-11-07,2017-11-07,7402.0,HOLD,BULLISH,BULLISH,,,
2017-11-08,2017-11-08,7430.0,HOLD,BULLISH,BULLISH,,,
2017-11-09,2017-11-09,7402.0,HOLD,BULLISH,BULLISH,,,
2017-11-10,2017-11-10,7402.0,HOLD,BULLISH,BULLISH,,,
2017-11-13,2017-11-13,7450.0,HOLD,BULLISH,BULLISH,,,
2017-11-14,2017-11-14,7404.0,HOLD,BULLISH,BULLISH,,,
2017-11-15,2017-11-15,7400.0,HOLD,BULLISH,BULLISH,,,
2017-11-16,2017-11-16,7401.0,BUY,BULLISH,BULLISH,,OVERSOLD,
2017-11-17,2017-11-17,7410.0,BUY,BULLISH,BULLISH,,OVERSOLD,
2017-11-20,2017-11-20,7350.0,BUY,BULLISH,BULLISH,,OVERSOLD,OVERSOLD
2017-11-21,2017-11-21,7350.0,BUY,BULLISH,BULLISH,,OVERSOLD,OVERSOLD
2017-11-22,2017-11-22,7250.0,HOLD,BULLISH,BEARISH,OVERSOLD,OVERSOLD,OVERSOLD
2017-11-23,2017-11-23,7350.0,HOLD,BULLISH,BEARISH,,,OVERSOLD
2017-11-24,2017-11-24,7250.0,HOLD,BULLISH,BEARISH,,,OVERSOLD
2017-11-27,2017-11-27,7250.0,HOLD,BULLISH,BEARISH,,,OVERSOLD
2017-11-28,2017-11-28,7350.0,HOLD,BULLISH,BEARISH,,,
2017-11-29,2017-11-29,7302.0,HOLD,BULLISH,BEARISH,,,
2017-11-30,2017-11-30,7300.0,HOLD,BULLISH,BEARISH,,,
2017-12-01,2017-12-01,7351.0,HOLD,BULLISH,BEARISH,,,
2017-12-04,2017-12-04,7351.0,HOLD,BULLISH,BEARISH,,,
2017-12-05,2017-12-05,7351.0,HOLD,BULLISH,BEARISH,,,
2017-12-06,2017-12-06,7300.0,HOLD,BULLISH,BEARISH,,,
2017-12-07,2017-12-07,7300.0,HOLD,BULLISH,BEARISH,,,OVERSOLD
2017-12-11,2017-12-11,7300.0,HOLD,BULLISH,BEARISH,,OVERBOUGHT,
2017-12-12,2017-12-12,7301.0,HOLD,BULLISH,BEARISH,,OVERBOUGHT,
2017-12-13,2017-12-13,7350.0,HOLD,BULLISH,BEARISH,,OVERBOUGHT,
2017-12-14,2017-12-14,7302.0,HOLD,BULLISH,BEARISH,,OVERBOUGHT,
2017-12-15,2017-12-15,7320.0,HOLD,BULLISH,BEARISH,,OVERBOUGHT,
2017-12-18,2017-12-18,7300.0,SELL,BEARISH,BEARISH,,OVERBOUGHT,
2017-12-19,2017-12-19,7300.0,SELL,BEARISH,BEARISH,,OVERBOUGHT,
2017-12-20,2017-12-20,7300.0,SELL,BEARISH,BEARISH,,OVERBOUGHT,
2017-12-21,2017-12-21,7300.0,HOLD,BULLISH,BEARISH,,OVERBOUGHT,
2017-12-22,2017-12-22,7320.0,SELL,BEARISH,BEARISH,,OVERBOUGHT,
2017-12-25,2017-12-25,7350.0,SELL,BEARISH,BEARISH,,OVERBOUGHT,
2017-12-26,2017-12-26,7362.0,SELL,BEARISH,BEARISH,,OVERBOUGHT,
2017-12-27,2017-12-27,7363.0,SELL,BEARISH,BEARISH,,OVERBOUGHT,
2017-12-28,2017-12-28,7500.0,HOLD,BEARISH,BULLISH,OVERBOUGHT,OVERBOUGHT,
2018-01-02,2018-01-02,7500.0,HOLD,BEARISH,BULLISH,OVERBOUGHT,OVERBOUGHT,
2018-01-03,2018-01-03,7500.0,HOLD,BEARISH,BULLISH,OVERBOUGHT,OVERBOUGHT,
2018-01-04,2018-01-04,7500.0,HOLD,BEARISH,BULLISH,OVERBOUGHT,OVERBOUGHT,
2018-01-05,2018-01-05,7600.0,HOLD,BEARISH,BULLISH,OVERBOUGHT,OVERBOUGHT,
2018-01-09,2018-01-09,7500.0,HOLD,BEARISH,BULLISH,OVERBOUGHT,,
2018-01-10,2018-01-10,7600.0,HOLD,BEARISH,BULLISH,OVERBOUGHT,OVERBOUGHT,OVERBOUGHT
2018-01-11,2018-01-11,7650.0,HOLD,BEARISH,BULLISH,OVERBOUGHT,OVERBOUGHT,OVERBOUGHT
2018-01-12,2018-01-12,7605.0,HOLD,BEARISH,BULLISH,OVERBOUGHT,OVERBOUGHT,OVERBOUGHT
2018-01-15,2018-01-15,7605.0,HOLD,BEARISH,BULLISH,OVERBOUGHT,OVERBOUGHT,OVERBOUGHT
2018-01-16,2018-01-16,7690.0,HOLD,BEARISH,BULLISH,OVERBOUGHT,OVERBOUGHT,OVERBOUGHT
2018-01-17,2018-01-17,7750.0,HOLD,BEARISH,BULLISH,OVERBOUGHT,OVERBOUGHT,OVERBOUGHT
2018-01-18,2018-01-18,7650.0,HOLD,BEARISH,BULLISH,,,
2018-01-22,2018-01-22,7700.0,HOLD,BEARISH,BULLISH,OVERBOUGHT,OVERBOUGHT,
2018-01-23,2018-01-23,7750.0,HOLD,BEARISH,BULLISH,,OVERBOUGHT,OVERBOUGHT
2018-01-24,2018-01-24,7900.0,HOLD,BEARISH,BULLISH,OVERBOUGHT,OVERBOUGHT,OVERBOUGHT
2018-01-25,2018-01-25,8000.0,HOLD,BEARISH,BULLISH,OVERBOUGHT,OVERBOUGHT,OVERBOUGHT
2018-01-26,2018-01-26,8200.0,HOLD,BEARISH,BULLISH,OVERBOUGHT,OVERBOUGHT,OVERBOUGHT
2018-01-29,2018-01-29,8200.0,HOLD,BEARISH,BULLISH,OVERBOUGHT,OVERBOUGHT,OVERBOUGHT
2018-01-30,2018-01-30,8290.0,HOLD,BEARISH,BULLISH,OVERBOUGHT,OVERBOUGHT,OVERBOUGHT
2018-01-31,2018-01-31,8290.0,HOLD,BEARISH,BULLISH,OVERBOUGHT,OVERBOUGHT,OVERBOUGHT
2018-02-01,2018-02-01,8320.0,HOLD,BEARISH,BULLISH,OVERBOUGHT,OVERBOUGHT,OVERBOUGHT
2018-02-02,2018-02-02,8310.0,HOLD,BEARISH,BULLISH,OVERBOUGHT,OVERBOUGHT,OVERBOUGHT
2018-02-05,2018-02-05,8310.0,HOLD,BEARISH,BULLISH,OVERBOUGHT,OVERBOUGHT,OVERBOUGHT
2018-02-06,2018-02-06,8200.0,HOLD,BEARISH,BULLISH,OVERBOUGHT,,
2018-02-07,2018-02-07,8000.0,HOLD,BEARISH,BULLISH,,,
2018-02-08,2018-02-08,8003.0,HOLD,BEARISH,BULLISH,,,
2018-02-09,2018-02-09,8001.0,HOLD,BEARISH,BULLISH,,,
2018-02-12,2018-02-12,8000.0,HOLD,BEARISH,BULLISH,,,
2018-02-13,2018-02-13,8100.0,HOLD,BEARISH,BULLISH,,,
2018-02-14,2018-02-14,8003.0,HOLD,BEARISH,BULLISH,,,
2018-02-15,2018-02-15,7999.0,BUY,BULLISH,BULLISH,,OVERSOLD,
2018-02-16,2018-02-16,7999.0,BUY,BULLISH,BULLISH,,OVERSOLD,
2018-02-19,2018-02-19,7900.0,BUY,BULLISH,BULLISH,OVERSOLD,OVERSOLD,
2018-02-20,2018-02-20,7800.0,BUY,BULLISH,BULLISH,OVERSOLD,OVERSOLD,OVERSOLD
2018-02-21,2018-02-21,7750.0,BUY,BULLISH,BULLISH,OVERSOLD,OVERSOLD,OVERSOLD
2018-02-22,2018-02-22,7900.0,BUY,BULLISH,BULLISH,OVERSOLD,,
2018-02-23,2018-02-23,7900.0,BUY,BULLISH,BULLISH,OVERSOLD,,
2018-02-26,2018-02-26,7999.0,HOLD,BULLISH,BULLISH,,,
2018-02-27,2018-02-27,8100.0,HOLD,BULLISH,BULLISH,,,
2018-02-28,2018-02-28,8200.0,HOLD,BULLISH,BULLISH,,OVERBOUGHT,
2018-03-01,2018-03-01,8300.0,HOLD,BEARISH,BULLISH,,OVERBOUGHT,OVERBOUGHT
2018-03-02,2018-03-02,8102.0,HOLD,BEARISH,BULLISH,,,
2018-03-05,2018-03-05,8100.0,HOLD,BEARISH,BULLISH,,,
2018-03-06,2018-03-06,7960.0,HOLD,BEARISH,BULLISH,,,
2018-03-07,2018-03-07,8000.0,HOLD,BEARISH,BULLISH,,,
2018-03-08,2018-03-08,8000.0,HOLD,BEARISH,BULLISH,,,
2018-03-09,2018-03-09,8000.0,HOLD,BEARISH,BULLISH,,,
2018-03-12,2018-03-12,8000.0,HOLD,BEARISH,BULLISH,,,
2018-03-13,2018-03-13,8000.0,HOLD,BEARISH,BULLISH,,,OVERSOLD
2018-03-14,2018-03-14,8100.0,HOLD,BEARISH,BULLISH,,,
2018-03-15,2018-03-15,8100.0,HOLD,BEARISH,BULLISH,,OVERBOUGHT,OVERSOLD
2018-03-16,2018-03-16,8000.0,HOLD,BEARISH,BULLISH,,OVERBOUGHT,
2018-03-19,2018-03-19,8000.0,HOLD,BEARISH,BULLISH,,OVERBOUGHT,OVERSOLD
2018-03-20,2018-03-20,8000.0,HOLD,BULLISH,BULLISH,,OVERBOUGHT,
2018-03-21,2018-03-21,7910.0,BUY,BULLISH,BULLISH,OVERSOLD,OVERBOUGHT,
2018-03-22,2018-03-22,8000.0,HOLD,BULLISH,BULLISH,,OVERBOUGHT,
2018-03-23,2018-03-23,7950.0,HOLD,BULLISH,BEARISH,,OVERBOUGHT,
2018-03-26,2018-03-26,7999.0,HOLD,BULLISH,BEARISH,,OVERBOUGHT,
2018-03-27,2018-03-27,7968.0,HOLD,BULLISH,BEARISH,,OVERBOUGHT,
2018-03-28,2018-03-28,7999.0,HOLD,BULLISH,BEARISH,,OVERBOUGHT,
2018-03-29,2018-03-29,7960.0,HOLD,BULLISH,BEARISH,,OVERBOUGHT,
2018-03-30,2018-03-30,7910.0,HOLD,BULLISH,BEARISH,,OVERBOUGHT,
2018-04-02,2018-04-02,7900.0,HOLD,BULLISH,BEARISH,,OVERBOUGHT,
2018-04-03,2018-04-03,7940.0,HOLD,BULLISH,BEARISH,,OVERBOUGHT,
2018-04-04,2018-04-04,7998.0,HOLD,BULLISH,BEARISH,,OVERBOUGHT,
2018-04-05,2018-04-05,8050.0,HOLD,BULLISH,BEARISH,,OVERBOUGHT,
2018-04-10,2018-04-10,8050.0,HOLD,BEARISH,BULLISH,,OVERBOUGHT,
2018-04-11,2018-04-11,8000.0,HOLD,BEARISH,BULLISH,,,
2018-04-12,2018-04-12,7950.0,HOLD,BULLISH,BEARISH,,,
2018-04-13,2018-04-13,7999.0,HOLD,BEARISH,BEARISH,,,
2018-04-16,2018-04-16,7950.0,HOLD,BEARISH,BEARISH,,,
2018-04-17,2018-04-17,7900.0,HOLD,BULLISH,BEARISH,,,
2018-04-18,2018-04-18,7704.0,HOLD,BULLISH,BEARISH,,OVERSOLD,OVERSOLD
2018-04-19,2018-04-19,7726.0,HOLD,BULLISH,BEARISH,,OVERSOLD,OVERSOLD
2018-04-20,2018-04-20,7711.0,HOLD,BULLISH,BEARISH,,OVERSOLD,OVERSOLD
2018-04-23,2018-04-23,7800.0,HOLD,BULLISH,BEARISH,,,OVERSOLD
2018-04-24,2018-04-24,7950.0,HOLD,BULLISH,BEARISH,,,
2018-04-25,2018-04-25,7950.0,HOLD,BULLISH,BEARISH,,,
2018-04-26,2018-04-26,7949.0,HOLD,BULLISH,BEARISH,,,
2018-04-27,2018-04-27,7946.0,HOLD,BULLISH,BEARISH,,,
2018-04-30,2018-04-30,7950.0,HOLD,BULLISH,BEARISH,,,
2018-05-02,2018-05-02,8000.0,SELL,BEARISH,BEARISH,,OVERBOUGHT,
2018-05-03,2018-05-03,8000.0,SELL,BEARISH,BEARISH,,OVERBOUGHT,OVERSOLD
2018-05-04,2018-05-04,7948.0,SELL,BEARISH,BEARISH,,OVERBOUGHT,
2018-05-07,2018-05-07,7855.0,SELL,BEARISH,BEARISH,,OVERBOUGHT,
2018-05-08,2018-05-08,7830.0,HOLD,BULLISH,BEARISH,,OVERBOUGHT,
2018-05-09,2018-05-09,7830.0,HOLD,BULLISH,BEARISH,,OVERBOUGHT,
2018-05-10,2018-05-10,7800.0,HOLD,BULLISH,BEARISH,,OVERBOUGHT,
2018-05-11,2018-05-11,7850.0,HOLD,BULLISH,BEARISH,,OVERBOUGHT,
2018-05-14,2018-05-14,7996.0,SELL,BEARISH,BEARISH,,OVERBOUGHT,
2018-05-15,2018-05-15,8050.0,SELL,BEARISH,BEARISH,,OVERBOUGHT,
2018-05-16,2018-05-16,8005.0,HOLD,BEARISH,BULLISH,,OVERBOUGHT,
2018-05-17,2018-05-17,8000.0,HOLD,BEARISH,BULLISH,,OVERBOUGHT,
2018-05-18,2018-05-18,8100.0,HOLD,BEARISH,BULLISH,,OVERBOUGHT,
2018-05-21,2018-05-21,8050.0,HOLD,BEARISH,BULLISH,,OVERBOUGHT,
2018-05-22,2018-05-22,7900.0,HOLD,BEARISH,BULLISH,,OVERBOUGHT,
2018-05-23,2018-05-23,7900.0,HOLD,BEARISH,BULLISH,,,
2018-05-28,2018-05-28,7900.0,HOLD,BEARISH,BULLISH,,,
2018-05-29,2018-05-29,7902.0,HOLD,BEARISH,BULLISH,,,
2018-05-30,2018-05-30,7950.0,HOLD,BEARISH,BULLISH,,,
2018-05-31,2018-05-31,8000.0,HOLD,BEARISH,BULLISH,,,
2018-06-01,2018-06-01,8100.0,HOLD,BEARISH,BULLISH,,,
2018-06-04,2018-06-04,8100.0,HOLD,BEARISH,BULLISH,,OVERBOUGHT,OVERBOUGHT
2018-06-05,2018-06-05,8100.0,HOLD,BEARISH,BULLISH,,OVERBOUGHT,OVERBOUGHT
2018-06-06,2018-06-06,8150.0,HOLD,BEARISH,BULLISH,,OVERBOUGHT,OVERBOUGHT
2018-06-07,2018-06-07,8199.0,HOLD,BEARISH,BULLISH,,OVERBOUGHT,OVERBOUGHT
2018-06-08,2018-06-08,8150.0,HOLD,BEARISH,BULLISH,,OVERBOUGHT,OVERBOUGHT
2018-06-11,2018-06-11,8200.0,HOLD,BEARISH,BULLISH,,OVERBOUGHT,OVERBOUGHT
2018-06-12,2018-06-12,8200.0,HOLD,BEARISH,BULLISH,,OVERBOUGHT,OVERBOUGHT
2018-06-13,2018-06-13,8200.0,HOLD,BEARISH,BULLISH,OVERBOUGHT,OVERBOUGHT,OVERBOUGHT
2018-06-14,2018-06-14,8250.0,HOLD,BEARISH,BULLISH,OVERBOUGHT,OVERBOUGHT,OVERBOUGHT
2018-06-18,2018-06-18,8300.0,HOLD,BEARISH,BULLISH,OVERBOUGHT,OVERBOUGHT,OVERBOUGHT
2018-06-19,2018-06-19,8300.0,HOLD,BEARISH,BULLISH,OVERBOUGHT,OVERBOUGHT,OVERBOUGHT
2018-06-20,2018-06-20,8200.0,HOLD,BEARISH,BULLISH,OVERBOUGHT,,
2018-06-21,2018-06-21,8300.0,HOLD,BEARISH,BULLISH,OVERBOUGHT,OVERBOUGHT,OVERBOUGHT
2018-06-22,2018-06-22,8400.0,HOLD,BEARISH,BULLISH,OVERBOUGHT,OVERBOUGHT,OVERBOUGHT
2018-06-25,2018-06-25,8399.0,HOLD,BEARISH,BULLISH,OVERBOUGHT,OVERBOUGHT,OVERBOUGHT
2018-06-26,2018-06-26,8200.0,HOLD,BEARISH,BULLISH,,,
2018-06-27,2018-06-27,8150.0,HOLD,BEARISH,BULLISH,,,
2018-06-28,2018-06-28,8120.0,HOLD,BEARISH,BULLISH,,OVERSOLD,
2018-06-29,2018-06-29,8200.0,HOLD,BEARISH,BULLISH,,,
2018-07-02,2018-07-02,8200.0,HOLD,BULLISH,BULLISH,,,
2018-07-03,2018-07-03,8200.0,HOLD,BULLISH,BULLISH,,,
2018-07-04,2018-07-04,8199.0,HOLD,BULLISH,BULLISH,,,
2018-07-05,2018-07-05,8100.0,BUY,BULLISH,BULLISH,,,OVERSOLD
2018-07-06,2018-07-06,8149.0,BUY,BULLISH,BULLISH,,OVERSOLD,
2018-07-09,2018-07-09,8200.0,HOLD,BULLISH,BULLISH,,,
2018-07-10,2018-07-10,8200.0,HOLD,BULLISH,BULLISH,,,
2018-07-11,2018-07-11,8200.0,HOLD,BULLISH,BULLISH,,,
2018-07-12,2018-07-12,8200.0,HOLD,BULLISH,BULLISH,,,
2018-07-13,2018-07-13,8100.0,BUY,BULLISH,BULLISH,OVERSOLD,,OVERSOLD
2018-07-16,2018-07-16,8033.0,HOLD,BULLISH,BEARISH,,,OVERSOLD
2018-07-17,2018-07-17,8033.0,HOLD,BULLISH,BEARISH,,OVERSOLD,OVERSOLD
2018-07-18,2018-07-18,8050.0,HOLD,BULLISH,BEARISH,,,OVERSOLD
2018-07-19,2018-07-19,8011.0,HOLD,BULLISH,BEARISH,OVERSOLD,OVERSOLD,OVERSOLD
2018-07-20,2018-07-20,8000.0,HOLD,BULLISH,BEARISH,OVERSOLD,OVERSOLD,OVERSOLD
2018-07-23,2018-07-23,8059.0,HOLD,BULLISH,BEARISH,,,
2018-07-24,2018-07-24,8031.0,HOLD,BULLISH,BEARISH,,OVERSOLD,
2018-07-25,2018-07-25,8099.0,HOLD,BULLISH,BEARISH,,,
2018-07-26,2018-07-26,8045.0,HOLD,BULLISH,BEARISH,,,
2018-07-27,2018-07-27,8100.0,HOLD,BULLISH,BEARISH,,,
2018-07-30,2018-07-30,8100.0,HOLD,BULLISH,BEARISH,,,
2018-07-31,2018-07-31,8150.0,HOLD,BULLISH,BEARISH,,,
2018-08-01,2018-08-01,8149.0,HOLD,BEARISH,BEARISH,,,
2018-08-03,2018-08-03,8100.0,HOLD,BEARISH,BEARISH,,,
2018-08-06,2018-08-06,8010.0,HOLD,BULLISH,BEARISH,,,
2018-08-07,2018-08-07,8089.0,HOLD,BULLISH,BEARISH,,,
2018-08-08,2018-08-08,8100.0,HOLD,BEARISH,BEARISH,,,
2018-08-09,2018-08-09,8050.0,HOLD,BEARISH,BEARISH,,,
2018-08-10,2018-08-10,8000.0,HOLD,BEARISH,BEARISH,,,OVERSOLD
2018-08-13,2018-08-13,8000.0,HOLD,BULLISH,BEARISH,,OVERSOLD,OVERSOLD
2018-08-14,2018-08-14,8000.0,HOLD,BULLISH,BEARISH,,OVERSOLD,
2018-08-15,2018-08-15,8049.0,HOLD,BULLISH,BEARISH,,,
2018-08-16,2018-08-16,8000.0,HOLD,BULLISH,BEARISH,,OVERSOLD,OVERSOLD
2018-08-17,2018-08-17,7999.0,HOLD,BULLISH,BEARISH,,,OVERSOLD
2018-08-20,2018-08-20,7999.0,HOLD,BULLISH,BEARISH,,,OVERSOLD
2018-08-21,2018-08-21,7900.0,HOLD,BULLISH,BEARISH,OVERSOLD,,
2018-08-22,2018-08-22,7951.0,HOLD,BULLISH,BEARISH,,OVERBOUGHT,
2018-08-23,2018-08-23,7998.0,HOLD,BULLISH,BEARISH,,OVERBOUGHT,
2018-08-24,2018-08-24,7901.0,HOLD,BULLISH,BEARISH,,OVERBOUGHT,
2018-08-27,2018-08-27,7950.0,HOLD,BULLISH,BEARISH,,OVERBOUGHT,
2018-08-29,2018-08-29,7900.0,HOLD,BULLISH,BEARISH,,OVERBOUGHT,
2018-08-30,2018-08-30,7900.0,HOLD,BULLISH,BEARISH,,OVERBOUGHT,
2018-08-31,2018-08-31,7990.0,HOLD,BULLISH,BEARISH,,OVERBOUGHT,
2018-09-03,2018-09-03,7901.0,HOLD,BULLISH,BEARISH,,OVERBOUGHT,
2018-09-04,2018-09-04,8050.0,HOLD,BULLISH,BEARISH,,OVERBOUGHT,
2018-09-05,2018-09-05,8000.0,HOLD,BULLISH,BEARISH,,OVERBOUGHT,
2018-09-06,2018-09-06,8000.0,HOLD,BULLISH,BEARISH,,OVERBOUGHT,
2018-09-07,2018-09-07,8001.0,SELL,BEARISH,BEARISH,,OVERBOUGHT,
2018-09-10,2018-09-10,8050.0,HOLD,BEARISH,BEARISH,,,
2018-09-11,2018-09-11,8000.0,HOLD,BEARISH,BEARISH,,,
2018-09-12,2018-09-12,8050.0,HOLD,BEARISH,BEARISH,,,
2018-09-13,2018-09-13,8004.0,HOLD,BEARISH,BEARISH,,,
2018-09-14,2018-09-14,8000.0,HOLD,BEARISH,BEARISH,,,
2018-09-17,2018-09-17,8000.0,HOLD,BEARISH,BEARISH,,,
2018-09-18,2018-09-18,8000.0,HOLD,BEARISH,BEARISH,,,
2018-09-19,2018-09-19,8005.0,HOLD,BEARISH,BEARISH,,,
2018-09-20,2018-09-20,8035.0,HOLD,BEARISH,BEARISH,,,
2018-09-21,2018-09-21,8001.0,HOLD,BEARISH,BEARISH,,,
2018-09-24,2018-09-24,8010.0,HOLD,BEARISH,BEARISH,,,
2018-09-25,2018-09-25,8099.0,HOLD,BEARISH,BULLISH,,,OVERBOUGHT
2018-09-26,2018-09-26,8200.0,HOLD,BEARISH,BULLISH,OVERBOUGHT,OVERBOUGHT,OVERBOUGHT
2018-09-27,2018-09-27,8301.0,HOLD,BEARISH,BULLISH,OVERBOUGHT,OVERBOUGHT,OVERBOUGHT
2018-09-28,2018-09-28,8355.0,HOLD,BEARISH,BULLISH,OVERBOUGHT,,OVERBOUGHT
2018-10-01,2018-10-01,8100.0,HOLD,BEARISH,BULLISH,,,
2018-10-02,2018-10-02,8105.0,HOLD,BEARISH,BULLISH,,,
2018-10-03,2018-10-03,8050.0,HOLD,BEARISH,BULLISH,,OVERSOLD,
2018-10-04,2018-10-04,8006.0,HOLD,BEARISH,BULLISH,,OVERSOLD,
2018-10-05,2018-10-05,7990.0,HOLD,BEARISH,BULLISH,,OVERSOLD,
2018-10-08,2018-10-08,7900.0,BUY,BULLISH,BULLISH,,,OVERSOLD
2018-10-09,2018-10-09,8100.0,HOLD,BULLISH,BULLISH,,,
2018-10-10,2018-10-10,8011.0,HOLD,BULLISH,BULLISH,,,
2018-10-12,2018-10-12,8001.0,HOLD,BULLISH,BEARISH,,,
2018-10-15,2018-10-15,7900.0,HOLD,BULLISH,BEARISH,,,
2018-10-16,2018-10-16,8000.0,HOLD,BULLISH,BEARISH,,,
2018-10-17,2018-10-17,8005.0,HOLD,BULLISH,BEARISH,,,
2018-10-18,2018-10-18,8055.0,HOLD,BULLISH,BEARISH,,,
2018-10-19,2018-10-19,8200.0,HOLD,BULLISH,BULLISH,,,
2018-10-22,2018-10-22,8599.0,HOLD,BEARISH,BULLISH,,OVERBOUGHT,OVERBOUGHT
2018-10-24,2018-10-24,8400.0,HOLD,BEARISH,BULLISH,,,OVERBOUGHT
2018-10-25,2018-10-25,8300.0,HOLD,BEARISH,BULLISH,,,OVERBOUGHT
2018-10-26,2018-10-26,8250.0,HOLD,BEARISH,BULLISH,,,
2018-10-29,2018-10-29,8300.0,HOLD,BEARISH,BULLISH,,,
2018-10-30,2018-10-30,8300.0,HOLD,BEARISH,BULLISH,,,
2018-10-31,2018-10-31,8349.0,HOLD,BEARISH,BULLISH,,,
2018-11-01,2018-11-01,8350.0,HOLD,BEARISH,BULLISH,,,
2018-11-02,2018-11-02,8325.0,HOLD,BEARISH,BULLISH,,,
2018-11-05,2018-11-05,8300.0,HOLD,BEARISH,BULLISH,,,
2018-11-06,2018-11-06,8300.0,HOLD,BEARISH,BULLISH,,,
2018-11-07,2018-11-07,8300.0,HOLD,BEARISH,BULLISH,,,
2018-11-08,2018-11-08,8315.0,HOLD,BEARISH,BULLISH,,,
2018-11-09,2018-11-09,8300.0,HOLD,BEARISH,BULLISH,,,
2018-11-12,2018-11-12,8290.0,HOLD,BEARISH,BULLISH,OVERSOLD,,
2018-11-13,2018-11-13,8300.0,HOLD,BEARISH,BULLISH,,,
2018-11-14,2018-11-14,8290.0,HOLD,BEARISH,BULLISH,,,
2018-11-15,2018-11-15,8290.0,BUY,BULLISH,BULLISH,,,OVERSOLD
2018-11-16,2018-11-16,8250.0,HOLD,BULLISH,BULLISH,,OVERBOUGHT,
2018-11-19,2018-11-19,8249.0,HOLD,BULLISH,BULLISH,,OVERBOUGHT,
2018-11-20,2018-11-20,8101.0,BUY,BULLISH,BULLISH,OVERSOLD,OVERBOUGHT,
2018-11-21,2018-11-21,8240.0,HOLD,BULLISH,BULLISH,,OVERBOUGHT,
2018-11-22,2018-11-22,8101.0,BUY,BULLISH,BULLISH,OVERSOLD,OVERBOUGHT,
2018-11-23,2018-11-23,8106.0,HOLD,BULLISH,BEARISH,,OVERBOUGHT,
2018-11-26,2018-11-26,8200.0,HOLD,BULLISH,BEARISH,,OVERBOUGHT,
2018-11-27,2018-11-27,8100.0,HOLD,BULLISH,BEARISH,,OVERBOUGHT,
2018-11-28,2018-11-28,8100.0,HOLD,BULLISH,BEARISH,,OVERBOUGHT,
2018-11-29,2018-11-29,8100.0,HOLD,BULLISH,BEARISH,,OVERBOUGHT,
2018-11-30,2018-11-30,8240.0,HOLD,BULLISH,BEARISH,,OVERBOUGHT,
2018-12-03,2018-12-03,8117.0,HOLD,BULLISH,BEARISH,,OVERBOUGHT,
2018-12-04,2018-12-04,8110.0,HOLD,BULLISH,BEARISH,,OVERBOUGHT,
2018-12-05,2018-12-05,8110.0,HOLD,BULLISH,BEARISH,,,
2018-12-06,2018-12-06,8150.0,HOLD,BULLISH,BEARISH,,,
2018-12-07,2018-12-07,8101.0,HOLD,BULLISH,BEARISH,,,
2018-12-10,2018-12-10,8150.0,HOLD,BULLISH,BEARISH,,,
2018-12-11,2018-12-11,8300.0,HOLD,BULLISH,BEARISH,,,
2018-12-12,2018-12-12,8270.0,SELL,BEARISH,BEARISH,,OVERBOUGHT,
2018-12-13,2018-12-13,8250.0,HOLD,BEARISH,BULLISH,,,OVERBOUGHT
2018-12-14,2018-12-14,8200.0,HOLD,BEARISH,BULLISH,,,
2018-12-17,2018-12-17,8250.0,HOLD,BEARISH,BULLISH,,,
2018-12-18,2018-12-18,8200.0,HOLD,BEARISH,BULLISH,,,
2018-12-19,2018-12-19,8250.0,HOLD,BEARISH,BULLISH,,,
2018-12-20,2018-12-20,8200.0,HOLD,BEARISH,BULLISH,,,
2018-12-21,2018-12-21,8200.0,HOLD,BEARISH,BULLISH,,,
2018-12-24,2018-12-24,8050.0,HOLD,BEARISH,BEARISH,,,OVERSOLD
2018-12-25,2018-12-25,8150.0,HOLD,BEARISH,BEARISH,,,
2018-12-26,2018-12-26,8150.0,HOLD,BULLISH,BEARISH,,,
2018-12-27,2018-12-27,8160.0,HOLD,BULLISH,BEARISH,,,
2018-12-28,2018-12-28,8200.0,HOLD,BULLISH,BEARISH,,,
2019-01-02,2019-01-02,8200.0,HOLD,BULLISH,BEARISH,,,
2019-01-03,2019-01-03,8250.0,HOLD,BEARISH,BULLISH,,,
2019-01-04,2019-01-04,8400.0,HOLD,BEARISH,BULLISH,,,OVERBOUGHT
2019-01-08,2019-01-08,8300.0,HOLD,BEARISH,BULLISH,,,
2019-01-09,2019-01-09,8351.0,HOLD,BEARISH,BULLISH,,OVERBOUGHT,OVERBOUGHT
2019-01-10,2019-01-10,8300.0,HOLD,BEARISH,BULLISH,,,OVERBOUGHT
2019-01-11,2019-01-11,8350.0,HOLD,BEARISH,BULLISH,,OVERBOUGHT,OVERBOUGHT
2019-01-14,2019-01-14,8400.0,HOLD,BEARISH,BULLISH,,OVERBOUGHT,OVERBOUGHT
2019-01-15,2019-01-15,8400.0,HOLD,BEARISH,BULLISH,,OVERBOUGHT,OVERBOUGHT
2019-01-16,2019-01-16,8402.0,HOLD,BEARISH,BULLISH,OVERBOUGHT,OVERBOUGHT,OVERBOUGHT
2019-01-17,2019-01-17,8400.0,HOLD,BEARISH,BULLISH,OVERBOUGHT,OVERBOUGHT,OVERBOUGHT
2019-01-18,2019-01-18,8300.0,HOLD,BEARISH,BULLISH,,,
2019-01-21,2019-01-21,8300.0,HOLD,BEARISH,BULLISH,,,
2019-01-22,2019-01-22,8350.0,HOLD,BEARISH,BULLISH,,,
2019-01-23,2019-01-23,8300.0,HOLD,BEARISH,BULLISH,,,
2019-01-24,2019-01-24,8301.0,HOLD,BEARISH,BULLISH,,,
2019-01-25,2019-01-25,8400.0,HOLD,BEARISH,BULLISH,,,
2019-01-28,2019-01-28,8350.0,HOLD,BEARISH,BULLISH,,,
2019-01-29,2019-01-29,8350.0,HOLD,BEARISH,BULLISH,,,
2019-01-30,2019-01-30,8350.0,HOLD,BEARISH,BULLISH,,,
2019-01-31,2019-01-31,8400.0,HOLD,BEARISH,BULLISH,,,
2019-02-01,2019-02-01,8350.0,HOLD,BEARISH,BULLISH,,,
2019-02-04,2019-02-04,8301.0,HOLD,BULLISH,BULLISH,,,
2019-02-05,2019-02-05,8301.0,BUY,BULLISH,BULLISH,,OVERSOLD,OVERSOLD
2019-02-06,2019-02-06,8300.0,BUY,BULLISH,BULLISH,,OVERSOLD,
2019-02-07,2019-02-07,8350.0,HOLD,BULLISH,BULLISH,,,
2019-02-08,2019-02-08,8300.0,BUY,BULLISH,BULLISH,,OVERSOLD,
2019-02-11,2019-02-11,8300.0,BUY,BULLISH,BULLISH,,OVERSOLD,
2019-02-12,2019-02-12,8300.0,BUY,BULLISH,BULLISH,,OVERSOLD,
2019-02-13,2019-02-13,8300.0,BUY,BULLISH,BULLISH,,OVERSOLD,
2019-02-14,2019-02-14,8250.0,HOLD,BULLISH,BEARISH,OVERSOLD,OVERSOLD,OVERSOLD
2019-02-15,2019-02-15,8290.0,HOLD,BULLISH,BEARISH,,,OVERSOLD
2019-02-18,2019-02-18,8399.0,HOLD,BULLISH,BULLISH,,,
2019-02-19,2019-02-19,8400.0,HOLD,BEARISH,BULLISH,,,
2019-02-20,2019-02-20,8500.0,HOLD,BEARISH,BULLISH,,OVERBOUGHT,OVERBOUGHT
2019-02-21,2019-02-21,8499.0,HOLD,BEARISH,BULLISH,,OVERBOUGHT,OVERBOUGHT
2019-02-22,2019-02-22,8450.0,HOLD,BEARISH,BULLISH,,,OVERBOUGHT
2019-02-25,2019-02-25,8450.0,HOLD,BEARISH,BULLISH,,,OVERBOUGHT
2019-02-26,2019-02-26,8300.0,HOLD,BEARISH,BULLISH,,,
2019-02-27,2019-02-27,8350.0,HOLD,BEARISH,BULLISH,,,
2019-02-28,2019-02-28,8320.0,HOLD,BEARISH,BULLISH,,,
2019-03-01,2019-03-01,8300.0,HOLD,BEARISH,BULLISH,,,
2019-03-04,2019-03-04,8300.0,HOLD,BULLISH,BULLISH,,,
2019-03-05,2019-03-05,8300.0,HOLD,BULLISH,BULLISH,,,
2019-03-06,2019-03-06,8350.0,HOLD,BULLISH,BULLISH,,,
2019-03-07,2019-03-07,8300.0,HOLD,BULLISH,BEARISH,,,
2019-03-08,2019-03-08,8350.0,HOLD,BULLISH,BEARISH,,,
2019-03-11,2019-03-11,8300.0,HOLD,BULLISH,BEARISH,,,
2019-03-12,2019-03-12,8300.0,HOLD,BULLISH,BEARISH,,,
2019-03-13,2019-03-13,8300.0,HOLD,BULLISH,BEARISH,,,
2019-03-14,2019-03-14,8350.0,HOLD,BULLISH,BEARISH,,,
2019-03-15,2019-03-15,8350.0,HOLD,BULLISH,BEARISH,,,
2019-03-18,2019-03-18,8300.0,HOLD,BULLISH,BEARISH,,,
2019-03-19,2019-03-19,8400.0,HOLD,BULLISH,BULLISH,,,
2019-03-20,2019-03-20,8400.0,HOLD,BEARISH,BULLISH,,OVERBOUGHT,
2019-03-21,2019-03-21,8400.0,HOLD,BEARISH,BULLISH,,OVERBOUGHT,OVERBOUGHT
2019-03-22,2019-03-22,8450.0,HOLD,BEARISH,BULLISH,,OVERBOUGHT,OVERBOUGHT
2019-03-25,2019-03-25,8450.0,HOLD,BEARISH,BULLISH,,OVERBOUGHT,OVERBOUGHT
2019-03-26,2019-03-26,8450.0,HOLD,BEARISH,BULLISH,,OVERBOUGHT,OVERBOUGHT
2019-03-27,2019-03-27,8450.0,HOLD,BEARISH,BULLISH,OVERBOUGHT,OVERBOUGHT,OVERBOUGHT
2019-03-28,2019-03-28,8500.0,HOLD,BEARISH,BULLISH,OVERBOUGHT,OVERBOUGHT,OVERBOUGHT
2019-03-29,2019-03-29,8500.0,HOLD,BEARISH,BULLISH,OVERBOUGHT,OVERBOUGHT,OVERBOUGHT
2019-04-01,2019-04-01,8500.0,HOLD,BEARISH,BULLISH,OVERBOUGHT,OVERBOUGHT,OVERBOUGHT
2019-04-02,2019-04-02,8450.0,HOLD,BEARISH,BULLISH,OVERBOUGHT,,
2019-04-03,2019-04-03,8420.0,HOLD,BEARISH,BULLISH,,,
2019-04-04,2019-04-04,8500.0,HOLD,BEARISH,BULLISH,,,OVERBOUGHT
2019-04-05,2019-04-05,8500.0,HOLD,BEARISH,BULLISH,OVERBOUGHT,OVERBOUGHT,
2019-04-08,2019-04-08,8550.0,HOLD,BEARISH,BULLISH,OVERBOUGHT,OVERBOUGHT,OVERBOUGHT
2019-04-09,2019-04-09,8550.0,HOLD,BEARISH,BULLISH,OVERBOUGHT,OVERBOUGHT,OVERBOUGHT
2019-04-10,2019-04-10,8560.0,HOLD,BEARISH,BULLISH,OVERBOUGHT,OVERBOUGHT,OVERBOUGHT
2019-04-11,2019-04-11,8600.0,HOLD,BEARISH,BULLISH,OVERBOUGHT,OVERBOUGHT,OVERBOUGHT
2019-04-12,2019-04-12,8600.0,HOLD,BEARISH,BULLISH,OVERBOUGHT,OVERBOUGHT,OVERBOUGHT
2019-04-15,2019-04-15,8599.0,HOLD,BEARISH,BULLISH,OVERBOUGHT,OVERBOUGHT,OVERBOUGHT
2019-04-16,2019-04-16,8550.0,HOLD,BEARISH,BULLISH,,,
2019-04-17,2019-04-17,8568.0,HOLD,BEARISH,BULLISH,,OVERBOUGHT,
2019-04-18,2019-04-18,8595.0,HOLD,BEARISH,BULLISH,,OVERBOUGHT,OVERBOUGHT
2019-04-19,2019-04-19,8560.0,HOLD,BEARISH,BULLISH,,,
2019-04-22,2019-04-22,8501.0,HOLD,BEARISH,BULLISH,,,
2019-04-23,2019-04-23,8550.0,HOLD,BEARISH,BULLISH,,,
2019-04-24,2019-04-24,8258.0,BUY,BULLISH,BULLISH,,,OVERSOLD
2019-04-25,2019-04-25,8320.0,HOLD,BULLISH,BEARISH,,,OVERSOLD
2019-04-30,2019-04-30,8300.0,HOLD,BULLISH,BEARISH,,OVERSOLD,OVERSOLD
2019-05-02,2019-05-02,8300.0,HOLD,BULLISH,BEARISH,,,OVERSOLD
2019-05-03,2019-05-03,8505.0,HOLD,BULLISH,BEARISH,,,
2019-05-06,2019-05-06,8600.0,HOLD,BULLISH,BEARISH,,OVERBOUGHT,
2019-05-07,2019-05-07,8600.0,HOLD,BULLISH,BULLISH,,OVERBOUGHT,
2019-05-08,2019-05-08,8600.0,HOLD,BULLISH,BULLISH,,OVERBOUGHT,
2019-05-09,2019-05-09,8550.0,HOLD,BEARISH,BULLISH,,OVERBOUGHT,
2019-05-10,2019-05-10,8600.0,HOLD,BEARISH,BULLISH,,OVERBOUGHT,
2019-05-13,2019-05-13,8600.0,HOLD,BEARISH,BULLISH,,OVERBOUGHT,
2019-05-14,2019-05-14,8626.0,HOLD,BEARISH,BULLISH,,OVERBOUGHT,
2019-05-15,2019-05-15,8625.0,HOLD,BEARISH,BULLISH,,OVERBOUGHT,
2019-05-16,2019-05-16,8700.0,HOLD,BEARISH,BULLISH,,OVERBOUGHT,
2019-05-17,2019-05-17,9007.0,HOLD,BEARISH,BULLISH,OVERBOUGHT,OVERBOUGHT,
2019-05-20,2019-05-20,9000.0,HOLD,BEARISH,BULLISH,OVERBOUGHT,OVERBOUGHT,
2019-05-21,2019-05-21,9100.0,HOLD,BEARISH,BULLISH,OVERBOUGHT,OVERBOUGHT,
2019-05-22,2019-05-22,9150.0,HOLD,BEARISH,BULLISH,OVERBOUGHT,OVERBOUGHT,
2019-05-23,2019-05-23,9076.0,HOLD,BEARISH,BULLISH,OVERBOUGHT,OVERBOUGHT,
2019-05-27,2019-05-27,9100.0,HOLD,BEARISH,BULLISH,OVERBOUGHT,OVERBOUGHT,
2019-05-28,2019-05-28,9100.0,HOLD,BEARISH,BULLISH,OVERBOUGHT,OVERBOUGHT,
2019-05-29,2019-05-29,9150.0,HOLD,BEARISH,BULLISH,OVERBOUGHT,OVERBOUGHT,
2019-05-30,2019-05-30,9150.0,HOLD,BEARISH,BULLISH,OVERBOUGHT,OVERBOUGHT,
2019-05-31,2019-05-31,9101.0,HOLD,BEARISH,BULLISH,OVERBOUGHT,OVERBOUGHT,
2019-06-03,2019-06-03,9065.0,HOLD,BEARISH,BULLISH,OVERBOUGHT,,
2019-06-05,2019-06-05,9099.0,HOLD,BEARISH,BULLISH,OVERBOUGHT,OVERBOUGHT,
2019-06-06,2019-06-06,9051.0,HOLD,BEARISH,BULLISH,OVERBOUGHT,,
2019-06-07,2019-06-07,9088.0,HOLD,BEARISH,BULLISH,OVERBOUGHT,,
2019-06-10,2019-06-10,9052.0,HOLD,BEARISH,BULLISH,,,
2019-06-11,2019-06-11,9040.0,HOLD,BEARISH,BULLISH,,,
2019-06-12,2019-06-12,8950.0,HOLD,BEARISH,BULLISH,,OVERSOLD,
2019-06-13,2019-06-13,8705.0,BUY,BULLISH,BULLISH,OVERSOLD,OVERSOLD,OVERSOLD
2019-06-17,2019-06-17,8700.0,BUY,BULLISH,BULLISH,OVERSOLD,OVERSOLD,OVERSOLD
2019-06-18,2019-06-18,8700.0,BUY,BULLISH,BULLISH,OVERSOLD,OVERSOLD,OVERSOLD
2019-06-19,2019-06-19,8803.0,BUY,BULLISH,BULLISH,,,OVERSOLD
2019-06-20,2019-06-20,8998.0,HOLD,BULLISH,BULLISH,,,
2019-06-21,2019-06-21,9000.0,HOLD,BULLISH,BULLISH,,,
2019-06-24,2019-06-24,9039.0,HOLD,BULLISH,BULLISH,,,
2019-06-25,2019-06-25,9039.0,HOLD,BULLISH,BULLISH,,OVERBOUGHT,
2019-06-26,2019-06-26,9050.0,HOLD,BULLISH,BULLISH,,OVERBOUGHT,
2019-06-27,2019-06-27,9098.0,HOLD,BEARISH,BULLISH,,OVERBOUGHT,
2019-06-28,2019-06-28,9050.0,HOLD,BEARISH,BULLISH,,OVERBOUGHT,
2019-07-01,2019-07-01,9050.0,HOLD,BEARISH,BULLISH,,OVERBOUGHT,
2019-07-02,2019-07-02,9080.0,HOLD,BEARISH,BULLISH,,OVERBOUGHT,
2019-07-03,2019-07-03,9099.0,HOLD,BEARISH,BULLISH,,OVERBOUGHT,
2019-07-04,2019-07-04,9100.0,HOLD,BEARISH,BULLISH,OVERBOUGHT,OVERBOUGHT,
2019-07-05,2019-07-05,9150.0,HOLD,BEARISH,BULLISH,OVERBOUGHT,OVERBOUGHT,
2019-07-08,2019-07-08,9100.0,HOLD,BEARISH,BULLISH,OVERBOUGHT,OVERBOUGHT,
2019-07-09,2019-07-09,9100.0,HOLD,BEARISH,BULLISH,OVERBOUGHT,,
2019-07-10,2019-07-10,9101.0,HOLD,BEARISH,BULLISH,,,
2019-07-11,2019-07-11,9148.0,HOLD,BEARISH,BULLISH,OVERBOUGHT,OVERBOUGHT,
2019-07-12,2019-07-12,9100.0,HOLD,BEARISH,BULLISH,,,
2019-07-15,2019-07-15,9100.0,HOLD,BEARISH,BULLISH,,,
2019-07-16,2019-07-16,9050.0,HOLD,BEARISH,BULLISH,,,
2019-07-17,2019-07-17,9051.0,HOLD,BEARISH,BULLISH,,,
2019-07-18,2019-07-18,9100.0,HOLD,BEARISH,BULLISH,,,
2019-07-19,2019-07-19,9100.0,HOLD,BEARISH,BULLISH,,,
2019-07-22,2019-07-22,9101.0,HOLD,BEARISH,BULLISH,,,
2019-07-23,2019-07-23,9150.0,HOLD,BEARISH,BULLISH,,,OVERBOUGHT
2019-07-24,2019-07-24,9150.0,HOLD,BEARISH,BULLISH,,OVERBOUGHT,OVERBOUGHT
2019-07-25,2019-07-25,9157.0,HOLD,BEARISH,BULLISH,,,OVERBOUGHT
2019-07-26,2019-07-26,9159.0,HOLD,BEARISH,BULLISH,,,OVERBOUGHT
2019-07-29,2019-07-29,9250.0,HOLD,BEARISH,BULLISH,OVERBOUGHT,OVERBOUGHT,OVERBOUGHT
2019-07-30,2019-07-30,9211.0,HOLD,BEARISH,BULLISH,,OVERBOUGHT,OVERBOUGHT
2019-07-31,2019-07-31,9350.0,HOLD,BEARISH,BULLISH,OVERBOUGHT,OVERBOUGHT,OVERBOUGHT
2019-08-01,2019-08-01,9430.0,HOLD,BEARISH,BULLISH,OVERBOUGHT,OVERBOUGHT,OVERBOUGHT
2019-08-05,2019-08-05,9600.0,HOLD,BEARISH,BULLISH,OVERBOUGHT,OVERBOUGHT,OVERBOUGHT
2019-08-06,2019-08-06,9650.0,HOLD,BEARISH,BULLISH,OVERBOUGHT,OVERBOUGHT,OVERBOUGHT
2019-08-07,2019-08-07,9700.0,HOLD,BEARISH,BULLISH,OVERBOUGHT,OVERBOUGHT,OVERBOUGHT
2019-08-08,2019-08-08,9651.0,HOLD,BEARISH,BULLISH,OVERBOUGHT,OVERBOUGHT,OVERBOUGHT
2019-08-09,2019-08-09,9700.0,HOLD,BEARISH,BULLISH,OVERBOUGHT,OVERBOUGHT,OVERBOUGHT
2019-08-12,2019-08-12,9690.0,HOLD,BEARISH,BULLISH,OVERBOUGHT,OVERBOUGHT,OVERBOUGHT
2019-08-13,2019-08-13,9660.0,HOLD,BEARISH,BULLISH,OVERBOUGHT,OVERBOUGHT,
2019-08-14,2019-08-14,9600.0,HOLD,BEARISH,BULLISH,OVERBOUGHT,,
2019-08-15,2019-08-15,9550.0,HOLD,BEARISH,BULLISH,OVERBOUGHT,,
2019-08-16,2019-08-16,9401.0,HOLD,BEARISH,BULLISH,,,
2019-08-19,2019-08-19,9699.0,HOLD,BEARISH,BULLISH,,,
2019-08-20,2019-08-20,9903.0,HOLD,BEARISH,BULLISH,OVERBOUGHT,,OVERBOUGHT
2019-08-21,2019-08-21,9901.0,HOLD,BEARISH,BULLISH,OVERBOUGHT,OVERBOUGHT,OVERBOUGHT
2019-08-22,2019-08-22,9997.0,HOLD,BEARISH,BULLISH,OVERBOUGHT,OVERBOUGHT,OVERBOUGHT
2019-08-23,2019-08-23,9905.0,HOLD,BEARISH,BULLISH,,OVERBOUGHT,OVERBOUGHT
2019-08-26,2019-08-26,9900.0,HOLD,BEARISH,BULLISH,,OVERBOUGHT,OVERBOUGHT
2019-08-27,2019-08-27,9800.0,HOLD,BEARISH,BULLISH,,,
2019-08-29,2019-08-29,9800.0,HOLD,BEARISH,BULLISH,,,
2019-08-30,2019-08-30,9900.0,HOLD,BEARISH,BULLISH,,,
2019-09-02,2019-09-02,9950.0,HOLD,BEARISH,BULLISH,,OVERBOUGHT,
2019-09-03,2019-09-03,9950.0,HOLD,BEARISH,BULLISH,,OVERBOUGHT,
2019-09-04,2019-09-04,9950.0,HOLD,BEARISH,BULLISH,,OVERBOUGHT,
2019-09-05,2019-09-05,9950.0,HOLD,BEARISH,BULLISH,,OVERBOUGHT,
2019-09-06,2019-09-06,9950.0,HOLD,BEARISH,BULLISH,OVERBOUGHT,OVERBOUGHT,
2019-09-10,2019-09-10,9951.0,HOLD,BEARISH,BULLISH,,OVERBOUGHT,
2019-09-11,2019-09-11,9998.0,HOLD,BEARISH,BULLISH,,OVERBOUGHT,
2019-09-12,2019-09-12,9990.0,HOLD,BEARISH,BULLISH,,OVERBOUGHT,
2019-09-13,2019-09-13,10000.0,HOLD,BEARISH,BULLISH,,OVERBOUGHT,
2019-09-16,2019-09-16,10100.0,HOLD,BEARISH,BULLISH,OVERBOUGHT,OVERBOUGHT,OVERBOUGHT
2019-09-17,2019-09-17,10200.0,HOLD,BEARISH,BULLISH,OVERBOUGHT,OVERBOUGHT,OVERBOUGHT
2019-09-18,2019-09-18,10470.0,HOLD,BEARISH,BULLISH,OVERBOUGHT,OVERBOUGHT,OVERBOUGHT
2019-09-19,2019-09-19,10700.0,HOLD,BEARISH,BULLISH,OVERBOUGHT,OVERBOUGHT,OVERBOUGHT
2019-09-20,2019-09-20,11000.0,HOLD,BEARISH,BULLISH,OVERBOUGHT,OVERBOUGHT,OVERBOUGHT
2019-09-23,2019-09-23,11000.0,HOLD,BEARISH,BULLISH,OVERBOUGHT,OVERBOUGHT,OVERBOUGHT
2019-09-24,2019-09-24,11400.0,HOLD,BEARISH,BULLISH,OVERBOUGHT,OVERBOUGHT,OVERBOUGHT
2019-09-25,2019-09-25,11400.0,HOLD,BEARISH,BULLISH,OVERBOUGHT,OVERBOUGHT,OVERBOUGHT
2019-09-26,2019-09-26,11500.0,HOLD,BEARISH,BULLISH,OVERBOUGHT,OVERBOUGHT,OVERBOUGHT
2019-09-27,2019-09-27,11398.0,HOLD,BEARISH,BULLISH,OVERBOUGHT,OVERBOUGHT,OVERBOUGHT
2019-09-30,2019-09-30,11150.0,HOLD,BEARISH,BULLISH,OVERBOUGHT,,
2019-10-01,2019-10-01,11120.0,HOLD,BEARISH,BULLISH,OVERBOUGHT,,
2019-10-02,2019-10-02,11120.0,HOLD,BEARISH,BULLISH,OVERBOUGHT,OVERBOUGHT,OVERSOLD
2019-10-03,2019-10-03,10852.0,HOLD,BEARISH,BULLISH,,OVERBOUGHT,
2019-10-04,2019-10-04,10999.0,HOLD,BEARISH,BULLISH,OVERBOUGHT,OVERBOUGHT,
2019-10-07,2019-10-07,11000.0,HOLD,BEARISH,BULLISH,,OVERBOUGHT,
2019-10-08,2019-10-08,11130.0,HOLD,BEARISH,BULLISH,,OVERBOUGHT,
2019-10-09,2019-10-09,11100.0,HOLD,BEARISH,BULLISH,,OVERBOUGHT,
2019-10-10,2019-10-10,11150.0,HOLD,BEARISH,BULLISH,,OVERBOUGHT,
2019-10-14,2019-10-14,10800.0,HOLD,BEARISH,BULLISH,,OVERBOUGHT,
2019-10-15,2019-10-15,10800.0,BUY,BULLISH,BULLISH,OVERSOLD,OVERBOUGHT,
2019-10-16,2019-10-16,11100.0,HOLD,BULLISH,BULLISH,,OVERBOUGHT,
2019-10-17,2019-10-17,11010.0,HOLD,BULLISH,BULLISH,,OVERBOUGHT,
2019-10-18,2019-10-18,10550.0,BUY,BULLISH,BULLISH,OVERSOLD,OVERBOUGHT,
2019-10-21,2019-10-21,10000.0,BUY,BULLISH,BULLISH,OVERSOLD,OVERBOUGHT,
2019-10-22,2019-10-22,10500.0,HOLD,BULLISH,BULLISH,,OVERBOUGHT,
2019-10-24,2019-10-24,11010.0,HOLD,BULLISH,BULLISH,,OVERBOUGHT,
2019-10-25,2019-10-25,11000.0,HOLD,BULLISH,BULLISH,,OVERBOUGHT,
2019-10-28,2019-10-28,10990.0,HOLD,BULLISH,BULLISH,,OVERBOUGHT,
2019-10-29,2019-10-29,11050.0,HOLD,BULLISH,BULLISH,,OVERBOUGHT,
2019-10-30,2019-10-30,11150.0,HOLD,BEARISH,BULLISH,,OVERBOUGHT,
2019-10-31,2019-10-31,11050.0,HOLD,BEARISH,BULLISH,,OVERBOUGHT,
2019-11-01,2019-11-01,11150.0,HOLD,BEARISH,BULLISH,,OVERBOUGHT,
2019-11-04,2019-11-04,11100.0,HOLD,BEARISH,BULLISH,,OVERBOUGHT,
2019-11-05,2019-11-05,11100.0,HOLD,BEARISH,BULLISH,,OVERBOUGHT,
2019-11-06,2019-11-06,11150.0,HOLD,BEARISH,BULLISH,,OVERBOUGHT,
2019-11-07,2019-11-07,11012.0,HOLD,BEARISH,BULLISH,,OVERBOUGHT,
2019-11-08,2019-11-08,11101.0,HOLD,BEARISH,BULLISH,,OVERBOUGHT,
2019-11-11,2019-11-11,11130.0,HOLD,BEARISH,BULLISH,OVERBOUGHT,OVERBOUGHT,
2019-11-12,2019-11-12,11130.0,HOLD,BEARISH,BULLISH,OVERBOUGHT,OVERBOUGHT,
2019-11-13,2019-11-13,11130.0,HOLD,BEARISH,BULLISH,,OVERBOUGHT,
2019-11-14,2019-11-14,11100.0,HOLD,BEARISH,BULLISH,,,
2019-11-15,2019-11-15,11030.0,HOLD,BEARISH,BULLISH,,,
2019-11-18,2019-11-18,11030.0,HOLD,BEARISH,BULLISH,,,
2019-11-19,2019-11-19,11099.0,HOLD,BEARISH,BULLISH,,,
2019-11-20,2019-11-20,11060.0,HOLD,BULLISH,BULLISH,,,
2019-11-21,2019-11-21,11041.0,HOLD,BULLISH,BULLISH,,,
2019-11-22,2019-11-22,11100.0,HOLD,BULLISH,BULLISH,,,
2019-11-25,2019-11-25,11100.0,HOLD,BULLISH,BULLISH,,,
2019-11-26,2019-11-26,11150.0,HOLD,BULLISH,BULLISH,,,OVERBOUGHT
2019-11-27,2019-11-27,11170.0,HOLD,BEARISH,BULLISH,,OVERBOUGHT,OVERBOUGHT
2019-11-28,2019-11-28,11200.0,HOLD,BEARISH,BULLISH,,OVERBOUGHT,OVERBOUGHT
2019-11-29,2019-11-29,11203.0,HOLD,BEARISH,BULLISH,,,OVERBOUGHT
2019-12-02,2019-12-02,11299.0,HOLD,BEARISH,BULLISH,,OVERBOUGHT,OVERBOUGHT
2019-12-03,2019-12-03,11300.0,HOLD,BEARISH,BULLISH,,OVERBOUGHT,OVERBOUGHT
2019-12-04,2019-12-04,11227.0,HOLD,BEARISH,BULLISH,,,OVERBOUGHT
2019-12-05,2019-12-05,11251.0,HOLD,BEARISH,BULLISH,OVERBOUGHT,OVERBOUGHT,OVERBOUGHT
2019-12-06,2019-12-06,11350.0,HOLD,BEARISH,BULLISH,OVERBOUGHT,OVERBOUGHT,OVERBOUGHT
2019-12-10,2019-12-10,11300.0,HOLD,BEARISH,BULLISH,,OVERBOUGHT,OVERBOUGHT
2019-12-11,2019-12-11,11300.0,HOLD,BEARISH,BULLISH,OVERBOUGHT,OVERBOUGHT,
2019-12-12,2019-12-12,11300.0,HOLD,BEARISH,BULLISH,OVERBOUGHT,OVERBOUGHT,
2019-12-13,2019-12-13,11280.0,HOLD,BEARISH,BULLISH,,,
2019-12-16,2019-12-16,11300.0,HOLD,BEARISH,BULLISH,OVERBOUGHT,,
2019-12-17,2019-12-17,11300.0,HOLD,BEARISH,BULLISH,,,
2019-12-18,2019-12-18,11300.0,HOLD,BEARISH,BULLISH,,,
2019-12-19,2019-12-19,11250.0,HOLD,BEARISH,BULLISH,,,
2019-12-20,2019-12-20,11299.0,HOLD,BEARISH,BULLISH,,,
2019-12-23,2019-12-23,11400.0,HOLD,BEARISH,BULLISH,,,OVERBOUGHT
2019-12-24,2019-12-24,11520.0,HOLD,BEARISH,BULLISH,,OVERBOUGHT,OVERBOUGHT
2019-12-25,2019-12-25,11502.0,HOLD,BEARISH,BULLISH,OVERBOUGHT,OVERBOUGHT,OVERBOUGHT
2019-12-26,2019-12-26,11601.0,HOLD,BEARISH,BULLISH,OVERBOUGHT,OVERBOUGHT,OVERBOUGHT
2019-12-27,2019-12-27,11800.0,HOLD,BEARISH,BULLISH,OVERBOUGHT,OVERBOUGHT,OVERBOUGHT
2019-12-30,2019-12-30,11900.0,HOLD,BEARISH,BULLISH,OVERBOUGHT,OVERBOUGHT,OVERBOUGHT
2020-01-02,2020-01-02,11999.0,HOLD,BEARISH,BULLISH,OVERBOUGHT,OVERBOUGHT,OVERBOUGHT
2020-01-03,2020-01-03,12000.0,HOLD,BEARISH,BULLISH,OVERBOUGHT,OVERBOUGHT,OVERBOUGHT
2020-01-08,2020-01-08,12250.0,HOLD,BEARISH,BULLISH,OVERBOUGHT,OVERBOUGHT,OVERBOUGHT
2020-01-09,2020-01-09,12500.0,HOLD,BEARISH,BULLISH,OVERBOUGHT,OVERBOUGHT,OVERBOUGHT
2020-01-10,2020-01-10,12965.0,HOLD,BEARISH,BULLISH,OVERBOUGHT,OVERBOUGHT,OVERBOUGHT
2020-01-13,2020-01-13,13353.0,HOLD,BEARISH,BULLISH,OVERBOUGHT,OVERBOUGHT,OVERBOUGHT
2020-01-14,2020-01-14,13100.0,HOLD,BEARISH,BULLISH,OVERBOUGHT,OVERBOUGHT,OVERBOUGHT
2020-01-15,2020-01-15,13000.0,HOLD,BEARISH,BULLISH,OVERBOUGHT,OVERBOUGHT,OVERBOUGHT
2020-01-16,2020-01-16,12799.0,HOLD,BEARISH,BULLISH,OVERBOUGHT,,
2020-01-17,2020-01-17,12801.0,HOLD,BEARISH,BULLISH,OVERBOUGHT,,
2020-01-20,2020-01-20,13050.0,HOLD,BEARISH,BULLISH,OVERBOUGHT,,
2020-01-21,2020-01-21,13050.0,HOLD,BEARISH,BULLISH,OVERBOUGHT,,
2020-01-22,2020-01-22,13100.0,HOLD,BEARISH,BULLISH,OVERBOUGHT,OVERBOUGHT,
2020-01-23,2020-01-23,13050.0,HOLD,BEARISH,BULLISH,OVERBOUGHT,,
2020-01-24,2020-01-24,13020.0,HOLD,BEARISH,BULLISH,OVERBOUGHT,,
2020-01-27,2020-01-27,13099.0,HOLD,BEARISH,BULLISH,OVERBOUGHT,,
2020-01-28,2020-01-28,13100.0,HOLD,BEARISH,BULLISH,OVERBOUGHT,,
2020-01-29,2020-01-29,13100.0,HOLD,BEARISH,BULLISH,,,
2020-01-30,2020-01-30,12809.0,HOLD,BEARISH,BULLISH,,,
2020-01-31,2020-01-31,12900.0,HOLD,BEARISH,BULLISH,,,
2020-02-03,2020-02-03,12900.0,HOLD,BEARISH,BULLISH,,,
2020-02-04,2020-02-04,12999.0,HOLD,BEARISH,BULLISH,,,
2020-02-05,2020-02-05,12853.0,HOLD,BULLISH,BULLISH,,,
2020-02-06,2020-02-06,13000.0,HOLD,BULLISH,BULLISH,,,
2020-02-07,2020-02-07,13050.0,HOLD,BULLISH,BULLISH,,,
2020-02-10,2020-02-10,13169.0,HOLD,BEARISH,BULLISH,,OVERBOUGHT,OVERBOUGHT
2020-02-11,2020-02-11,13200.0,HOLD,BEARISH,BULLISH,,OVERBOUGHT,OVERBOUGHT
2020-02-12,2020-02-12,13250.0,HOLD,BEARISH,BULLISH,,OVERBOUGHT,OVERBOUGHT
2020-02-13,2020-02-13,13250.0,HOLD,BEARISH,BULLISH,,OVERBOUGHT,OVERBOUGHT
2020-02-14,2020-02-14,13299.0,HOLD,BEARISH,BULLISH,,OVERBOUGHT,OVERBOUGHT
2020-02-17,2020-02-17,13300.0,HOLD,BEARISH,BULLISH,,OVERBOUGHT,OVERBOUGHT
2020-02-18,2020-02-18,13261.0,HOLD,BEARISH,BULLISH,,OVERBOUGHT,OVERBOUGHT
2020-02-19,2020-02-19,13300.0,HOLD,BEARISH,BULLISH,OVERBOUGHT,OVERBOUGHT,OVERBOUGHT
2020-02-20,2020-02-20,13350.0,HOLD,BEARISH,BULLISH,OVERBOUGHT,OVERBOUGHT,OVERBOUGHT
2020-02-21,2020-02-21,13400.0,HOLD,BEARISH,BULLISH,OVERBOUGHT,OVERBOUGHT,OVERBOUGHT
2020-02-24,2020-02-24,13330.0,HOLD,BEARISH,BULLISH,,OVERBOUGHT,
2020-02-25,2020-02-25,13000.0,HOLD,BEARISH,BULLISH,,,
2020-02-26,2020-02-26,12550.0,BUY,BULLISH,BULLISH,,,OVERSOLD
2020-02-27,2020-02-27,12400.0,BUY,BULLISH,BULLISH,OVERSOLD,,OVERSOLD
2020-02-28,2020-02-28,12799.0,BUY,BULLISH,BULLISH,,,OVERSOLD
2020-03-02,2020-03-02,13000.0,HOLD,BULLISH,BULLISH,,,
2020-03-03,2020-03-03,12998.0,HOLD,BULLISH,BULLISH,,,
2020-03-04,2020-03-04,12997.0,HOLD,BULLISH,BULLISH,,,
2020-03-05,2020-03-05,13026.0,HOLD,BULLISH,BULLISH,,,
2020-03-06,2020-03-06,13000.0,HOLD,BULLISH,BULLISH,,,
2020-03-09,2020-03-09,12100.0,HOLD,BULLISH,BEARISH,OVERSOLD,,OVERSOLD
2020-03-10,2020-03-10,12700.0,HOLD,BULLISH,BEARISH,,,OVERSOLD
2020-03-11,2020-03-11,12100.0,HOLD,BULLISH,BEARISH,,,OVERSOLD
2020-03-12,2020-03-12,10981.0,HOLD,BULLISH,BEARISH,OVERSOLD,,OVERSOLD
2020-03-13,2020-03-13,10899.0,HOLD,BULLISH,BEARISH,OVERSOLD,OVERSOLD,OVERSOLD
2020-03-16,2020-03-16,9895.0,HOLD,BULLISH,BEARISH,OVERSOLD,OVERSOLD,OVERSOLD
2020-03-17,2020-03-17,9401.0,HOLD,BULLISH,BEARISH,OVERSOLD,OVERSOLD,OVERSOLD
2020-03-18,2020-03-18,8979.0,HOLD,BULLISH,BEARISH,OVERSOLD,OVERSOLD,OVERSOLD
2020-03-19,2020-03-19,8532.0,HOLD,BULLISH,BEARISH,OVERSOLD,OVERSOLD,OVERSOLD
2020-03-20,2020-03-20,8969.0,HOLD,BULLISH,BEARISH,OVERSOLD,OVERSOLD,OVERSOLD
2020-03-23,2020-03-23,8490.0,HOLD,BULLISH,BEARISH,OVERSOLD,OVERSOLD,OVERSOLD
2020-03-24,2020-03-24,8750.0,HOLD,BULLISH,BEARISH,OVERSOLD,OVERSOLD,OVERSOLD
2020-03-25,2020-03-25,9105.0,HOLD,BULLISH,BEARISH,OVERSOLD,OVERSOLD,
2020-03-26,2020-03-26,8925.0,HOLD,BULLISH,BEARISH,OVERSOLD,OVERSOLD,
2020-03-27,2020-03-27,9000.0,HOLD,BULLISH,BEARISH,OVERSOLD,OVERSOLD,
2020-03-30,2020-03-30,9200.0,HOLD,BULLISH,BEARISH,OVERSOLD,,
2020-03-31,2020-03-31,9782.0,HOLD,BULLISH,BEARISH,,,
2020-04-01,2020-04-01,9699.0,HOLD,BULLISH,BEARISH,,,
2020-04-02,2020-04-02,9500.0,HOLD,BULLISH,BEARISH,,,
2020-04-03,2020-04-03,10450.0,HOLD,BULLISH,BEARISH,,,
2020-04-06,2020-04-06,11000.0,SELL,BEARISH,BEARISH,,OVERBOUGHT,
2020-04-07,2020-04-07,11680.0,SELL,BEARISH,BEARISH,OVERBOUGHT,OVERBOUGHT,OVERBOUGHT
2020-04-08,2020-04-08,11001.0,SELL,BEARISH,BEARISH,OVERBOUGHT,,OVERBOUGHT
2020-04-09,2020-04-09,10957.0,SELL,BEARISH,BEARISH,,,OVERBOUGHT
2020-04-10,2020-04-10,11000.0,SELL,BEARISH,BEARISH,OVERBOUGHT,,OVERBOUGHT
2020-04-13,2020-04-13,11005.0,SELL,BEARISH,BEARISH,OVERBOUGHT,,
2020-04-14,2020-04-14,11005.0,SELL,BEARISH,BEARISH,OVERBOUGHT,,
2020-04-15,2020-04-15,11001.0,HOLD,BEARISH,BULLISH,OVERBOUGHT,,
2020-04-16,2020-04-16,11100.0,HOLD,BEARISH,BULLISH,OVERBOUGHT,,
2020-04-21,2020-04-21,11135.0,HOLD,BEARISH,BULLISH,OVERBOUGHT,,
2020-04-22,2020-04-22,10800.0,HOLD,BEARISH,BULLISH,,,
2020-04-23,2020-04-23,11000.0,HOLD,BEARISH,BULLISH,,,
2020-04-24,2020-04-24,11340.0,HOLD,BEARISH,BULLISH,OVERBOUGHT,,
2020-04-27,2020-04-27,11896.0,HOLD,BEARISH,BULLISH,OVERBOUGHT,OVERBOUGHT,OVERBOUGHT
2020-04-28,2020-04-28,12688.0,HOLD,BEARISH,BULLISH,OVERBOUGHT,OVERBOUGHT,OVERBOUGHT
2020-04-29,2020-04-29,12930.0,HOLD,BEARISH,BULLISH,,OVERBOUGHT,OVERBOUGHT
2020-04-30,2020-04-30,12500.0,HOLD,BEARISH,BULLISH,OVERBOUGHT,,OVERBOUGHT
2020-05-04,2020-05-04,12300.0,HOLD,BEARISH,BULLISH,OVERBOUGHT,,OVERBOUGHT
2020-05-05,2020-05-05,12300.0,HOLD,BEARISH,BULLISH,OVERBOUGHT,,
2020-05-06,2020-05-06,12250.0,HOLD,BEARISH,BULLISH,,,
2020-05-07,2020-05-07,12749.0,HOLD,BEARISH,BULLISH,OVERBOUGHT,,OVERBOUGHT
2020-05-08,2020-05-08,12769.0,HOLD,BEARISH,BULLISH,OVERBOUGHT,OVERBOUGHT,OVERBOUGHT
2020-05-11,2020-05-11,12799.0,HOLD,BEARISH,BULLISH,OVERBOUGHT,OVERBOUGHT,
2020-05-12,2020-05-12,12700.0,HOLD,BEARISH,BULLISH,OVERBOUGHT,OVERBOUGHT,
2020-05-13,2020-05-13,12600.0,HOLD,BEARISH,BULLISH,OVERBOUGHT,OVERBOUGHT,
2020-05-14,2020-05-14,12600.0,HOLD,BEARISH,BULLISH,OVERBOUGHT,OVERBOUGHT,
2020-05-15,2020-05-15,12230.0,HOLD,BEARISH,BULLISH,,,
2020-05-18,2020-05-18,12200.0,HOLD,BEARISH,BULLISH,,,
2020-05-19,2020-05-19,12250.0,HOLD,BEARISH,BULLISH,,,
2020-05-20,2020-05-20,12550.0,HOLD,BEARISH,BULLISH,,,
2020-05-21,2020-05-21,12600.0,HOLD,BEARISH,BULLISH,,,
2020-05-22,2020-05-22,12500.0,HOLD,BEARISH,BULLISH,,,
2020-05-26,2020-05-26,12495.0,HOLD,BULLISH,BULLISH,,,
2020-05-27,2020-05-27,12495.0,HOLD,BULLISH,BULLISH,,,
2020-05-28,2020-05-28,12302.0,HOLD,BULLISH,BULLISH,,,
2020-05-29,2020-05-29,12300.0,HOLD,BULLISH,BULLISH,,,
2020-06-01,2020-06-01,12160.0,BUY,BULLISH,BULLISH,OVERSOLD,,OVERSOLD
2020-06-02,2020-06-02,11999.0,BUY,BULLISH,BULLISH,OVERSOLD,OVERSOLD,OVERSOLD
2020-06-03,2020-06-03,11950.0,BUY,BULLISH,BULLISH,OVERSOLD,OVERSOLD,OVERSOLD
2020-06-04,2020-06-04,11999.0,BUY,BULLISH,BULLISH,OVERSOLD,OVERSOLD,OVERSOLD
2020-06-08,2020-06-08,11950.0,BUY,BULLISH,BULLISH,,OVERSOLD,OVERSOLD
2020-06-09,2020-06-09,11800.0,BUY,BULLISH,BULLISH,,OVERSOLD,OVERSOLD
2020-06-10,2020-06-10,11600.0,HOLD,BULLISH,BEARISH,OVERSOLD,OVERSOLD,OVERSOLD
2020-06-11,2020-06-11,11450.0,HOLD,BULLISH,BEARISH,OVERSOLD,OVERSOLD,OVERSOLD
2020-06-12,2020-06-12,11490.0,HOLD,BULLISH,BEARISH,OVERSOLD,OVERSOLD,OVERSOLD
2020-06-15,2020-06-15,11600.0,HOLD,BULLISH,BEARISH,OVERSOLD,OVERSOLD,OVERSOLD
2020-06-16,2020-06-16,11500.0,HOLD,BULLISH,BEARISH,OVERSOLD,OVERSOLD,OVERSOLD
2020-06-17,2020-06-17,11650.0,HOLD,BULLISH,BEARISH,OVERSOLD,,
2020-06-18,2020-06-18,11600.0,HOLD,BULLISH,BEARISH,OVERSOLD,,
2020-06-19,2020-06-19,11600.0,HOLD,BULLISH,BEARISH,OVERSOLD,,OVERSOLD
2020-06-22,2020-06-22,11600.0,HOLD,BULLISH,BEARISH,OVERSOLD,,OVERSOLD
2020-06-23,2020-06-23,11900.0,HOLD,BULLISH,BEARISH,,OVERBOUGHT,
2020-06-24,2020-06-24,11752.0,HOLD,BULLISH,BEARISH,,OVERBOUGHT,
2020-06-25,2020-06-25,11753.0,HOLD,BULLISH,BEARISH,,OVERBOUGHT,
2020-06-26,2020-06-26,11850.0,HOLD,BULLISH,BEARISH,,OVERBOUGHT,
2020-06-29,2020-06-29,11807.0,SELL,BEARISH,BEARISH,,OVERBOUGHT,
2020-06-30,2020-06-30,11999.0,SELL,BEARISH,BEARISH,,OVERBOUGHT,
2020-07-01,2020-07-01,11999.0,SELL,BEARISH,BEARISH,OVERBOUGHT,OVERBOUGHT,
2020-07-02,2020-07-02,11950.0,SELL,BEARISH,BEARISH,,OVERBOUGHT,
2020-07-03,2020-07-03,12000.0,HOLD,BEARISH,BULLISH,,OVERBOUGHT,
2020-07-06,2020-07-06,11900.0,HOLD,BEARISH,BULLISH,,OVERBOUGHT,
2020-07-07,2020-07-07,11950.0,HOLD,BEARISH,BULLISH,,OVERBOUGHT,
2020-07-08,2020-07-08,11900.0,HOLD,BEARISH,BULLISH,,OVERBOUGHT,
2020-07-09,2020-07-09,11900.0,HOLD,BEARISH,BULLISH,,OVERBOUGHT,OVERSOLD
2020-07-10,2020-07-10,11900.0,HOLD,BEARISH,BULLISH,,OVERBOUGHT,
2020-07-13,2020-07-13,11905.0,HOLD,BEARISH,BULLISH,,OVERBOUGHT,
2020-07-14,2020-07-14,11905.0,HOLD,BEARISH,BULLISH,,OVERBOUGHT,
2020-07-16,2020-07-16,11992.0,HOLD,BEARISH,BULLISH,,OVERBOUGHT,
2020-07-17,2020-07-17,11989.0,HOLD,BEARISH,BULLISH,,OVERBOUGHT,
2020-07-20,2020-07-20,11988.0,HOLD,BEARISH,BULLISH,,OVERBOUGHT,
2020-07-21,2020-07-21,12050.0,HOLD,BEARISH,BULLISH,,OVERBOUGHT,
2020-07-22,2020-07-22,12201.0,HOLD,BEARISH,BULLISH,,OVERBOUGHT,
2020-07-23,2020-07-23,12300.0,HOLD,BEARISH,BULLISH,OVERBOUGHT,OVERBOUGHT,
2020-07-24,2020-07-24,12500.0,HOLD,BEARISH,BULLISH,OVERBOUGHT,OVERBOUGHT,
2020-07-27,2020-07-27,12750.0,HOLD,BEARISH,BULLISH,OVERBOUGHT,OVERBOUGHT,
2020-07-28,2020-07-28,12330.0,HOLD,BEARISH,BULLISH,,OVERBOUGHT,
2020-07-29,2020-07-29,12600.0,HOLD,BEARISH,BULLISH,OVERBOUGHT,OVERBOUGHT,
2020-07-30,2020-07-30,12700.0,HOLD,BEARISH,BULLISH,OVERBOUGHT,OVERBOUGHT,
2020-07-31,2020-07-31,12500.0,HOLD,BEARISH,BULLISH,,,
2020-08-04,2020-08-04,12400.0,HOLD,BEARISH,BULLISH,,,
2020-08-05,2020-08-05,12350.0,HOLD,BEARISH,BULLISH,,,
2020-08-06,2020-08-06,12200.0,HOLD,BEARISH,BULLISH,,,
2020-08-07,2020-08-07,12400.0,HOLD,BEARISH,BULLISH,,,
2020-08-10,2020-08-10,12350.0,HOLD,BEARISH,BULLISH,,,
2020-08-11,2020-08-11,12500.0,HOLD,BEARISH,BULLISH,,,
2020-08-12,2020-08-12,12500.0,HOLD,BEARISH,BULLISH,,,
2020-08-13,2020-08-13,12500.0,HOLD,BEARISH,BULLISH,,,OVERSOLD
2020-08-14,2020-08-14,12500.0,HOLD,BEARISH,BULLISH,,OVERBOUGHT,
2020-08-17,2020-08-17,12399.0,HOLD,BEARISH,BULLISH,,OVERBOUGHT,
2020-08-18,2020-08-18,12300.0,HOLD,BULLISH,BULLISH,,OVERBOUGHT,
2020-08-19,2020-08-19,12300.0,HOLD,BULLISH,BULLISH,,OVERBOUGHT,
2020-08-20,2020-08-20,12223.0,BUY,BULLISH,BULLISH,OVERSOLD,OVERBOUGHT,
2020-08-21,2020-08-21,12290.0,HOLD,BULLISH,BULLISH,,OVERBOUGHT,
2020-08-24,2020-08-24,12290.0,HOLD,BULLISH,BULLISH,,OVERBOUGHT,
2020-08-25,2020-08-25,12200.0,HOLD,BULLISH,BULLISH,,OVERBOUGHT,
2020-08-26,2020-08-26,12200.0,HOLD,BULLISH,BULLISH,,OVERBOUGHT,
2020-08-27,2020-08-27,12289.0,HOLD,BULLISH,BULLISH,,OVERBOUGHT,
2020-08-31,2020-08-31,12200.0,HOLD,BULLISH,BULLISH,,OVERBOUGHT,
2020-09-01,2020-09-01,12200.0,HOLD,BULLISH,BEARISH,OVERSOLD,OVERBOUGHT,
2020-09-02,2020-09-02,12250.0,HOLD,BULLISH,BEARISH,,OVERBOUGHT,
2020-09-03,2020-09-03,12200.0,HOLD,BULLISH,BEARISH,OVERSOLD,,
2020-09-04,2020-09-04,12250.0,HOLD,BULLISH,BEARISH,,,
2020-09-07,2020-09-07,12250.0,HOLD,BULLISH,BEARISH,,,
2020-09-09,2020-09-09,12300.0,HOLD,BULLISH,BEARISH,,,
2020-09-10,2020-09-10,12399.0,HOLD,BULLISH,BULLISH,,OVERBOUGHT,
2020-09-11,2020-09-11,12630.0,HOLD,BEARISH,BULLISH,OVERBOUGHT,OVERBOUGHT,
2020-09-14,2020-09-14,12620.0,HOLD,BEARISH,BULLISH,OVERBOUGHT,OVERBOUGHT,OVERBOUGHT
2020-09-15,2020-09-15,12650.0,HOLD,BEARISH,BULLISH,OVERBOUGHT,OVERBOUGHT,OVERBOUGHT
2020-09-16,2020-09-16,12659.0,HOLD,BEARISH,BULLISH,OVERBOUGHT,OVERBOUGHT,OVERBOUGHT
2020-09-17,2020-09-17,12800.0,HOLD,BEARISH,BULLISH,OVERBOUGHT,OVERBOUGHT,OVERBOUGHT
2020-09-18,2020-09-18,12750.0,HOLD,BEARISH,BULLISH,OVERBOUGHT,,OVERBOUGHT
2020-09-21,2020-09-21,12800.0,HOLD,BEARISH,BULLISH,OVERBOUGHT,,OVERBOUGHT
2020-09-22,2020-09-22,12800.0,HOLD,BEARISH,BULLISH,OVERBOUGHT,OVERBOUGHT,OVERSOLD
2020-09-23,2020-09-23,12501.0,HOLD,BEARISH,BULLISH,,OVERBOUGHT,
2020-09-24,2020-09-24,12500.0,HOLD,BEARISH,BULLISH,,OVERBOUGHT,
2020-09-25,2020-09-25,12600.0,HOLD,BEARISH,BULLISH,,OVERBOUGHT,
2020-09-28,2020-09-28,12500.0,HOLD,BEARISH,BULLISH,,OVERBOUGHT,
2020-09-29,2020-09-29,12500.0,HOLD,BEARISH,BULLISH,,OVERBOUGHT,
2020-09-30,2020-09-30,12500.0,HOLD,BEARISH,BULLISH,,OVERBOUGHT,
2020-10-01,2020-10-01,12650.0,HOLD,BEARISH,BULLISH,,OVERBOUGHT,
2020-10-02,2020-10-02,12640.0,HOLD,BEARISH,BULLISH,,OVERBOUGHT,
2020-10-05,2020-10-05,12648.0,HOLD,BEARISH,BULLISH,,OVERBOUGHT,
2020-10-06,2020-10-06,12600.0,HOLD,BULLISH,BULLISH,,OVERBOUGHT,
2020-10-07,2020-10-07,12600.0,HOLD,BULLISH,BULLISH,,OVERBOUGHT,
2020-10-08,2020-10-08,12550.0,HOLD,BULLISH,BULLISH,,OVERBOUGHT,
2020-10-09,2020-10-09,12547.0,HOLD,BULLISH,BULLISH,,OVERBOUGHT,
2020-10-13,2020-10-13,12400.0,BUY,BULLISH,BULLISH,OVERSOLD,,
2020-10-14,2020-10-14,12399.0,HOLD,BULLISH,BULLISH,,,
2020-10-15,2020-10-15,12200.0,HOLD,BULLISH,BEARISH,,OVERSOLD,
2020-10-16,2020-10-16,12200.0,HOLD,BULLISH,BEARISH,OVERSOLD,OVERSOLD,
2020-10-19,2020-10-19,12200.0,HOLD,BULLISH,BEARISH,OVERSOLD,OVERSOLD,
2020-10-20,2020-10-20,12180.0,HOLD,BULLISH,BEARISH,OVERSOLD,OVERSOLD,
2020-10-21,2020-10-21,12250.0,HOLD,BULLISH,BEARISH,,OVERSOLD,OVERSOLD
2020-10-22,2020-10-22,12300.0,HOLD,BULLISH,BEARISH,OVERSOLD,,
2020-10-26,2020-10-26,12300.0,HOLD,BULLISH,BEARISH,OVERSOLD,,
2020-10-27,2020-10-27,12300.0,HOLD,BULLISH,BEARISH,OVERSOLD,,
2020-10-28,2020-10-28,12250.0,HOLD,BULLISH,BEARISH,OVERSOLD,,
2020-10-29,2020-10-29,12249.0,HOLD,BULLISH,BEARISH,OVERSOLD,,
2020-10-30,2020-10-30,12300.0,HOLD,BULLISH,BEARISH,OVERSOLD,,
2020-11-02,2020-11-02,12220.0,HOLD,BULLISH,BEARISH,OVERSOLD,,
2020-11-03,2020-11-03,12100.0,HOLD,BULLISH,BEARISH,OVERSOLD,OVERSOLD,
2020-11-04,2020-11-04,12100.0,HOLD,BULLISH,BEARISH,OVERSOLD,OVERSOLD,OVERSOLD
2020-11-05,2020-11-05,12100.0,HOLD,BULLISH,BEARISH,,OVERSOLD,OVERSOLD
2020-11-06,2020-11-06,12100.0,HOLD,BULLISH,BEARISH,,OVERSOLD,OVERSOLD
2020-11-09,2020-11-09,12250.0,HOLD,BULLISH,BEARISH,,,
2020-11-10,2020-11-10,12300.0,HOLD,BULLISH,BEARISH,,,
2020-11-11,2020-11-11,12350.0,SELL,BEARISH,BEARISH,,OVERBOUGHT,OVERBOUGHT
2020-11-12,2020-11-12,12380.0,SELL,BEARISH,BEARISH,,OVERBOUGHT,OVERBOUGHT
2020-11-13,2020-11-13,12350.0,SELL,BEARISH,BEARISH,,OVERBOUGHT,OVERBOUGHT
2020-11-16,2020-11-16,12320.0,HOLD,BEARISH,BEARISH,,,
2020-11-17,2020-11-17,12300.0,HOLD,BEARISH,BEARISH,,,
2020-11-18,2020-11-18,12300.0,HOLD,BEARISH,BEARISH,,,
2020-11-19,2020-11-19,12500.0,HOLD,BEARISH,BULLISH,,OVERBOUGHT,OVERBOUGHT
2020-11-20,2020-11-20,12499.0,HOLD,BEARISH,BULLISH,OVERBOUGHT,OVERBOUGHT,OVERBOUGHT
2020-11-23,2020-11-23,12500.0,HOLD,BEARISH,BULLISH,OVERBOUGHT,OVERBOUGHT,OVERBOUGHT
2020-11-24,2020-11-24,12602.0,HOLD,BEARISH,BULLISH,OVERBOUGHT,OVERBOUGHT,OVERBOUGHT
2020-11-25,2020-11-25,12598.0,HOLD,BEARISH,BULLISH,OVERBOUGHT,OVERBOUGHT,OVERBOUGHT
2020-11-26,2020-11-26,12598.0,HOLD,BEARISH,BULLISH,OVERBOUGHT,OVERBOUGHT,OVERSOLD
2020-11-27,2020-11-27,12595.0,HOLD,BEARISH,BULLISH,OVERBOUGHT,OVERBOUGHT,
2020-11-30,2020-11-30,12500.0,HOLD,BEARISH,BULLISH,,OVERBOUGHT,
2020-12-01,2020-12-01,12500.0,HOLD,BEARISH,BULLISH,,OVERBOUGHT,
2020-12-02,2020-12-02,12550.0,HOLD,BEARISH,BULLISH,,OVERBOUGHT,
2020-12-03,2020-12-03,12550.0,HOLD,BEARISH,BULLISH,,OVERBOUGHT,
2020-12-04,2020-12-04,12550.0,HOLD,BEARISH,BULLISH,OVERBOUGHT,OVERBOUGHT,
2020-12-07,2020-12-07,12500.0,HOLD,BEARISH,BULLISH,,OVERBOUGHT,
2020-12-09,2020-12-09,12500.0,HOLD,BEARISH,BULLISH,,OVERBOUGHT,
2020-12-10,2020-12-10,12500.0,HOLD,BEARISH,BULLISH,,OVERBOUGHT,
2020-12-11,2020-12-11,12500.0,HOLD,BEARISH,BULLISH,,OVERBOUGHT,
2020-12-14,2020-12-14,12421.0,HOLD,BEARISH,BULLISH,,OVERBOUGHT,
2020-12-15,2020-12-15,12600.0,HOLD,BEARISH,BULLISH,,OVERBOUGHT,
2020-12-16,2020-12-16,12600.0,HOLD,BEARISH,BULLISH,,OVERBOUGHT,
2020-12-17,2020-12-17,12611.0,HOLD,BEARISH,BULLISH,,,
2020-12-18,2020-12-18,12800.0,HOLD,BEARISH,BULLISH,,OVERBOUGHT,
2020-12-21,2020-12-21,12800.0,HOLD,BEARISH,BULLISH,OVERBOUGHT,OVERBOUGHT,
2020-12-22,2020-12-22,12700.0,HOLD,BEARISH,BULLISH,,,
2020-12-23,2020-12-23,12800.0,HOLD,BEARISH,BULLISH,,OVERBOUGHT,
2020-12-24,2020-12-24,12850.0,HOLD,BEARISH,BULLISH,,OVERBOUGHT,
2020-12-25,2020-12-25,12990.0,HOLD,BEARISH,BULLISH,OVERBOUGHT,OVERBOUGHT,OVERBOUGHT
2020-12-28,2020-12-28,13099.0,HOLD,BEARISH,BULLISH,OVERBOUGHT,OVERBOUGHT,OVERBOUGHT
2020-12-29,2020-12-29,13200.0,HOLD,BEARISH,BULLISH,OVERBOUGHT,OVERBOUGHT,OVERBOUGHT
2020-12-30,2020-12-30,13200.0,HOLD,BEARISH,BULLISH,OVERBOUGHT,,OVERBOUGHT
2021-01-04,2021-01-04,13200.0,HOLD,BEARISH,BULLISH,OVERBOUGHT,OVERBOUGHT,OVERSOLD
2021-01-05,2021-01-05,13300.0,HOLD,BEARISH,BULLISH,OVERBOUGHT,OVERBOUGHT,
2021-01-08,2021-01-08,13353.0,HOLD,BEARISH,BULLISH,OVERBOUGHT,OVERBOUGHT,
2021-01-11,2021-01-11,13497.0,HOLD,BEARISH,BULLISH,OVERBOUGHT,OVERBOUGHT,
2021-01-12,2021-01-12,13652.0,HOLD,BEARISH,BULLISH,OVERBOUGHT,OVERBOUGHT,
2021-01-13,2021-01-13,13850.0,HOLD,BEARISH,BULLISH,OVERBOUGHT,OVERBOUGHT,
2021-01-14,2021-01-14,13977.0,HOLD,BEARISH,BULLISH,OVERBOUGHT,OVERBOUGHT,OVERBOUGHT
2021-01-15,2021-01-15,13800.0,HOLD,BEARISH,BULLISH,OVERBOUGHT,OVERBOUGHT,
2021-01-18,2021-01-18,13880.0,HOLD,BEARISH,BULLISH,OVERBOUGHT,OVERBOUGHT,
2021-01-20,2021-01-20,13800.0,HOLD,BEARISH,BULLISH,OVERBOUGHT,OVERBOUGHT,
2021-01-21,2021-01-21,13750.0,HOLD,BEARISH,BULLISH,OVERBOUGHT,OVERBOUGHT,
2021-01-22,2021-01-22,13800.0,HOLD,BEARISH,BULLISH,OVERBOUGHT,OVERBOUGHT,
2021-01-25,2021-01-25,13650.0,HOLD,BEARISH,BULLISH,,OVERBOUGHT,
2021-01-26,2021-01-26,13629.0,HOLD,BEARISH,BULLISH,,OVERBOUGHT,
2021-01-27,2021-01-27,13750.0,HOLD,BEARISH,BULLISH,,,
2021-01-28,2021-01-28,13800.0,HOLD,BEARISH,BULLISH,,,
2021-01-29,2021-01-29,13750.0,HOLD,BEARISH,BULLISH,,,
2021-02-01,2021-02-01,13750.0,HOLD,BEARISH,BULLISH,,,
2021-02-02,2021-02-02,13651.0,HOLD,BEARISH,BULLISH,,,
2021-02-03,2021-02-03,13700.0,HOLD,BEARISH,BULLISH,,,
2021-02-04,2021-02-04,13700.0,HOLD,BEARISH,BULLISH,,,
2021-02-05,2021-02-05,13750.0,HOLD,BULLISH,BULLISH,,,
2021-02-08,2021-02-08,13791.0,HOLD,BULLISH,BULLISH,,,
2021-02-09,2021-02-09,13900.0,HOLD,BULLISH,BULLISH,,,OVERBOUGHT
2021-02-10,2021-02-10,13901.0,HOLD,BEARISH,BULLISH,,OVERBOUGHT,OVERBOUGHT
2021-02-11,2021-02-11,13900.0,HOLD,BEARISH,BULLISH,,OVERBOUGHT,OVERBOUGHT
2021-02-12,2021-02-12,13900.0,HOLD,BEARISH,BULLISH,OVERBOUGHT,OVERBOUGHT,OVERBOUGHT
2021-02-15,2021-02-15,13950.0,HOLD,BEARISH,BULLISH,OVERBOUGHT,OVERBOUGHT,OVERBOUGHT
2021-02-16,2021-02-16,13989.0,HOLD,BEARISH,BULLISH,OVERBOUGHT,OVERBOUGHT,OVERBOUGHT
2021-02-17,2021-02-17,13830.0,HOLD,BEARISH,BULLISH,,,
2021-02-18,2021-02-18,13965.0,HOLD,BEARISH,BULLISH,,OVERBOUGHT,
2021-02-19,2021-02-19,13851.0,HOLD,BEARISH,BULLISH,,,
2021-02-22,2021-02-22,13900.0,HOLD,BEARISH,BULLISH,,,
2021-02-23,2021-02-23,13900.0,HOLD,BEARISH,BULLISH,,,
2021-02-24,2021-02-24,13985.0,HOLD,BEARISH,BULLISH,,,OVERBOUGHT
2021-02-25,2021-02-25,14000.0,HOLD,BEARISH,BULLISH,,OVERBOUGHT,OVERBOUGHT
2021-02-26,2021-02-26,14000.0,HOLD,BEARISH,BULLISH,,OVERBOUGHT,OVERBOUGHT
2021-03-01,2021-03-01,14100.0,HOLD,BEARISH,BULLISH,,OVERBOUGHT,OVERBOUGHT
2021-03-02,2021-03-02,14250.0,HOLD,BEARISH,BULLISH,,OVERBOUGHT,OVERBOUGHT
2021-03-03,2021-03-03,14500.0,HOLD,BEARISH,BULLISH,OVERBOUGHT,OVERBOUGHT,OVERBOUGHT
2021-03-04,2021-03-04,14450.0,HOLD,BEARISH,BULLISH,OVERBOUGHT,OVERBOUGHT,OVERBOUGHT
2021-03-05,2021-03-05,14349.0,HOLD,BEARISH,BULLISH,,,OVERBOUGHT
2021-03-08,2021-03-08,14000.0,HOLD,BEARISH,BULLISH,,,
2021-03-09,2021-03-09,14105.0,HOLD,BEARISH,BULLISH,,,
2021-03-10,2021-03-10,14010.0,HOLD,BEARISH,BULLISH,,,
2021-03-11,2021-03-11,14010.0,HOLD,BEARISH,BULLISH,,,
2021-03-12,2021-03-12,14000.0,HOLD,BEARISH,BULLISH,,,
2021-03-15,2021-03-15,14010.0,HOLD,BEARISH,BULLISH,,,
2021-03-16,2021-03-16,14006.0,BUY,BULLISH,BULLISH,,OVERSOLD,
2021-03-17,2021-03-17,14006.0,BUY,BULLISH,BULLISH,,,OVERSOLD
2021-03-18,2021-03-18,14027.0,HOLD,BULLISH,BULLISH,,,
2021-03-19,2021-03-19,14111.0,HOLD,BULLISH,BULLISH,,OVERBOUGHT,
2021-03-22,2021-03-22,14160.0,HOLD,BULLISH,BULLISH,,OVERBOUGHT,
2021-03-23,2021-03-23,14200.0,HOLD,BULLISH,BULLISH,,OVERBOUGHT,
2021-03-24,2021-03-24,14200.0,HOLD,BULLISH,BULLISH,,OVERBOUGHT,
2021-03-25,2021-03-25,14161.0,HOLD,BULLISH,BULLISH,,OVERBOUGHT,
2021-03-26,2021-03-26,14221.0,HOLD,BULLISH,BULLISH,OVERBOUGHT,OVERBOUGHT,
2021-03-29,2021-03-29,14221.0,HOLD,BEARISH,BULLISH,,OVERBOUGHT,OVERSOLD
2021-03-30,2021-03-30,14221.0,HOLD,BEARISH,BULLISH,OVERBOUGHT,OVERBOUGHT,OVERSOLD
2021-03-31,2021-03-31,14300.0,HOLD,BEARISH,BULLISH,OVERBOUGHT,OVERBOUGHT,
2021-04-01,2021-04-01,14450.0,HOLD,BEARISH,BULLISH,OVERBOUGHT,OVERBOUGHT,
2021-04-02,2021-04-02,14501.0,HOLD,BEARISH,BULLISH,OVERBOUGHT,OVERBOUGHT,
2021-04-05,2021-04-05,14799.0,HOLD,BEARISH,BULLISH,OVERBOUGHT,OVERBOUGHT,
2021-04-06,2021-04-06,14650.0,HOLD,BEARISH,BULLISH,OVERBOUGHT,OVERBOUGHT,
2021-04-07,2021-04-07,14600.0,HOLD,BEARISH,BULLISH,OVERBOUGHT,OVERBOUGHT,
2021-04-08,2021-04-08,14800.0,HOLD,BEARISH,BULLISH,OVERBOUGHT,OVERBOUGHT,
2021-04-09,2021-04-09,14850.0,HOLD,BEARISH,BULLISH,OVERBOUGHT,OVERBOUGHT,
2021-04-12,2021-04-12,14800.0,HOLD,BEARISH,BULLISH,OVERBOUGHT,OVERBOUGHT,
2021-04-13,2021-04-13,14900.0,HOLD,BEARISH,BULLISH,OVERBOUGHT,OVERBOUGHT,
2021-04-14,2021-04-14,15100.0,HOLD,BEARISH,BULLISH,OVERBOUGHT,OVERBOUGHT,
2021-04-15,2021-04-15,15050.0,HOLD,BEARISH,BULLISH,OVERBOUGHT,OVERBOUGHT,
2021-04-16,2021-04-16,15100.0,HOLD,BEARISH,BULLISH,OVERBOUGHT,OVERBOUGHT,
2021-04-19,2021-04-19,15200.0,HOLD,BEARISH,BULLISH,OVERBOUGHT,OVERBOUGHT,
2021-04-20,2021-04-20,15101.0,HOLD,BEARISH,BULLISH,OVERBOUGHT,,
2021-04-21,2021-04-21,14900.0,HOLD,BEARISH,BULLISH,,,
2021-04-22,2021-04-22,14890.0,HOLD,BEARISH,BULLISH,,,
2021-04-23,2021-04-23,14801.0,HOLD,BEARISH,BULLISH,,,
2021-04-26,2021-04-26,14770.0,HOLD,BEARISH,BULLISH,,,
2021-04-27,2021-04-27,14820.0,HOLD,BEARISH,BULLISH,,,
2021-04-28,2021-04-28,14850.0,HOLD,BEARISH,BULLISH,,,
2021-04-29,2021-04-29,14972.0,HOLD,BEARISH,BULLISH,,,
2021-05-04,2021-05-04,15000.0,HOLD,BEARISH,BULLISH,,,
2021-05-05,2021-05-05,14949.0,HOLD,BEARISH,BULLISH,,,
2021-05-06,2021-05-06,14948.0,HOLD,BEARISH,BULLISH,,,
2021-05-07,2021-05-07,14990.0,HOLD,BULLISH,BULLISH,,,
2021-05-10,2021-05-10,15000.0,HOLD,BULLISH,BULLISH,,,
2021-05-11,2021-05-11,15050.0,HOLD,BEARISH,BULLISH,,,
2021-05-12,2021-05-12,15150.0,HOLD,BEARISH,BULLISH,,,OVERBOUGHT
2021-05-14,2021-05-14,15300.0,HOLD,BEARISH,BULLISH,OVERBOUGHT,,OVERBOUGHT
2021-05-17,2021-05-17,15300.0,HOLD,BEARISH,BULLISH,OVERBOUGHT,OVERBOUGHT,OVERBOUGHT
2021-05-18,2021-05-18,15401.0,HOLD,BEARISH,BULLISH,OVERBOUGHT,OVERBOUGHT,OVERBOUGHT
2021-05-19,2021-05-19,15579.0,HOLD,BEARISH,BULLISH,OVERBOUGHT,OVERBOUGHT,OVERBOUGHT
2021-05-20,2021-05-20,15799.0,HOLD,BEARISH,BULLISH,OVERBOUGHT,OVERBOUGHT,OVERBOUGHT
2021-05-21,2021-05-21,15850.0,HOLD,BEARISH,BULLISH,OVERBOUGHT,OVERBOUGHT,OVERBOUGHT
2021-05-25,2021-05-25,15879.0,HOLD,BEARISH,BULLISH,OVERBOUGHT,OVERBOUGHT,OVERBOUGHT
2021-05-26,2021-05-26,15705.0,HOLD,BEARISH,BULLISH,OVERBOUGHT,,OVERBOUGHT
2021-05-27,2021-05-27,15750.0,HOLD,BEARISH,BULLISH,OVERBOUGHT,,OVERBOUGHT
2021-05-28,2021-05-28,15648.0,HOLD,BEARISH,BULLISH,OVERBOUGHT,,
2021-05-31,2021-05-31,15797.0,HOLD,BEARISH,BULLISH,OVERBOUGHT,,
2021-06-01,2021-06-01,15800.0,HOLD,BEARISH,BULLISH,OVERBOUGHT,,
2021-06-02,2021-06-02,15801.0,HOLD,BEARISH,BULLISH,OVERBOUGHT,,
2021-06-03,2021-06-03,15901.0,HOLD,BEARISH,BULLISH,OVERBOUGHT,OVERBOUGHT,
2021-06-04,2021-06-04,15998.0,HOLD,BEARISH,BULLISH,OVERBOUGHT,OVERBOUGHT,
2021-06-07,2021-06-07,16000.0,HOLD,BEARISH,BULLISH,OVERBOUGHT,OVERBOUGHT,
2021-06-08,2021-06-08,16108.0,HOLD,BEARISH,BULLISH,OVERBOUGHT,OVERBOUGHT,OVERBOUGHT
2021-06-09,2021-06-09,16350.0,HOLD,BEARISH,BULLISH,OVERBOUGHT,OVERBOUGHT,OVERBOUGHT
2021-06-10,2021-06-10,16399.0,HOLD,BEARISH,BULLISH,OVERBOUGHT,OVERBOUGHT,OVERBOUGHT
2021-06-11,2021-06-11,16450.0,HOLD,BEARISH,BULLISH,OVERBOUGHT,OVERBOUGHT,OVERBOUGHT
2021-06-14,2021-06-14,16300.0,HOLD,BEARISH,BULLISH,,,OVERBOUGHT
2021-06-15,2021-06-15,16200.0,HOLD,BEARISH,BULLISH,OVERBOUGHT,,
2021-06-16,2021-06-16,16120.0,HOLD,BEARISH,BULLISH,,,
2021-06-17,2021-06-17,16200.0,HOLD,BEARISH,BULLISH,OVERBOUGHT,,
2021-06-21,2021-06-21,15971.0,HOLD,BEARISH,BULLISH,,,
2021-06-22,2021-06-22,15971.0,HOLD,BEARISH,BULLISH,,,
2021-06-23,2021-06-23,15700.0,HOLD,BEARISH,BULLISH,,OVERSOLD,
2021-06-24,2021-06-24,15600.0,BUY,BULLISH,BULLISH,,OVERSOLD,OVERSOLD
2021-06-25,2021-06-25,15450.0,BUY,BULLISH,BULLISH,,OVERSOLD,OVERSOLD
2021-06-28,2021-06-28,15440.0,BUY,BULLISH,BULLISH,,OVERSOLD,OVERSOLD
2021-06-29,2021-06-29,15500.0,BUY,BULLISH,BULLISH,,OVERSOLD,OVERSOLD
2021-06-30,2021-06-30,15500.0,HOLD,BULLISH,BEARISH,OVERSOLD,OVERSOLD,OVERSOLD
2021-07-01,2021-07-01,15550.0,HOLD,BULLISH,BEARISH,OVERSOLD,OVERSOLD,
2021-07-02,2021-07-02,15800.0,HOLD,BULLISH,BEARISH,OVERSOLD,,
2021-07-05,2021-07-05,16000.0,HOLD,BULLISH,BULLISH,,,
2021-07-06,2021-07-06,16000.0,HOLD,BULLISH,BULLISH,,,
2021-07-07,2021-07-07,16004.0,HOLD,BULLISH,BULLISH,,,
2021-07-08,2021-07-08,16005.0,HOLD,BULLISH,BULLISH,,,
2021-07-09,2021-07-09,16000.0,HOLD,BULLISH,BULLISH,,,
2021-07-12,2021-07-12,16000.0,HOLD,BEARISH,BULLISH,,,
2021-07-13,2021-07-13,16000.0,HOLD,BEARISH,BULLISH,,OVERBOUGHT,OVERSOLD
2021-07-14,2021-07-14,16000.0,HOLD,BEARISH,BULLISH,OVERBOUGHT,OVERBOUGHT,OVERSOLD
2021-07-15,2021-07-15,16000.0,HOLD,BEARISH,BULLISH,OVERBOUGHT,OVERBOUGHT,
2021-07-16,2021-07-16,16000.0,HOLD,BEARISH,BULLISH,OVERBOUGHT,OVERBOUGHT,
2021-07-19,2021-07-19,15850.0,HOLD,BEARISH,BULLISH,OVERBOUGHT,OVERBOUGHT,
2021-07-20,2021-07-20,15850.0,HOLD,BEARISH,BULLISH,OVERBOUGHT,OVERBOUGHT,OVERSOLD
2021-07-21,2021-07-21,15600.0,HOLD,BEARISH,BULLISH,,OVERBOUGHT,
2021-07-22,2021-07-22,15800.0,HOLD,BEARISH,BULLISH,,OVERBOUGHT,
2021-07-23,2021-07-23,15750.0,HOLD,BEARISH,BULLISH,,OVERBOUGHT,
2021-07-26,2021-07-26,15750.0,HOLD,BULLISH,BEARISH,,OVERBOUGHT,
2021-07-27,2021-07-27,15750.0,HOLD,BULLISH,BEARISH,,OVERBOUGHT,
2021-07-28,2021-07-28,15750.0,HOLD,BULLISH,BEARISH,,OVERBOUGHT,
2021-07-29,2021-07-29,15800.0,HOLD,BULLISH,BEARISH,,OVERBOUGHT,
2021-07-30,2021-07-30,15800.0,HOLD,BULLISH,BEARISH,,OVERBOUGHT,
2021-08-03,2021-08-03,15800.0,HOLD,BULLISH,BEARISH,,OVERBOUGHT,
2021-08-04,2021-08-04,15800.0,HOLD,BULLISH,BEARISH,,OVERBOUGHT,
2021-08-05,2021-08-05,15800.0,HOLD,BULLISH,BEARISH,,OVERBOUGHT,
2021-08-06,2021-08-06,16000.0,HOLD,BULLISH,BULLISH,,OVERBOUGHT,
2021-08-09,2021-08-09,16000.0,HOLD,BEARISH,BULLISH,,OVERBOUGHT,
2021-08-10,2021-08-10,16000.0,HOLD,BEARISH,BULLISH,,,
2021-08-11,2021-08-11,15910.0,HOLD,BEARISH,BULLISH,OVERBOUGHT,,
2021-08-12,2021-08-12,15900.0,HOLD,BEARISH,BULLISH,,,
2021-08-13,2021-08-13,15900.0,HOLD,BEARISH,BULLISH,OVERBOUGHT,,
2021-08-16,2021-08-16,16000.0,HOLD,BEARISH,BULLISH,OVERBOUGHT,,
2021-08-17,2021-08-17,16100.0,HOLD,BEARISH,BULLISH,OVERBOUGHT,,
2021-08-18,2021-08-18,16200.0,HOLD,BEARISH,BULLISH,OVERBOUGHT,,OVERBOUGHT
2021-08-19,2021-08-19,16150.0,HOLD,BEARISH,BULLISH,OVERBOUGHT,,OVERBOUGHT
2021-08-20,2021-08-20,16200.0,HOLD,BEARISH,BULLISH,OVERBOUGHT,,OVERBOUGHT
2021-08-23,2021-08-23,16300.0,HOLD,BEARISH,BULLISH,OVERBOUGHT,OVERBOUGHT,OVERBOUGHT
2021-08-24,2021-08-24,16600.0,HOLD,BEARISH,BULLISH,OVERBOUGHT,OVERBOUGHT,OVERBOUGHT
2021-08-25,2021-08-25,16700.0,HOLD,BEARISH,BULLISH,OVERBOUGHT,OVERBOUGHT,OVERBOUGHT
2021-08-26,2021-08-26,16651.0,HOLD,BEARISH,BULLISH,OVERBOUGHT,OVERBOUGHT,OVERBOUGHT
2021-08-27,2021-08-27,16900.0,HOLD,BEARISH,BULLISH,OVERBOUGHT,OVERBOUGHT,OVERBOUGHT
2021-08-30,2021-08-30,16813.0,HOLD,BEARISH,BULLISH,OVERBOUGHT,OVERBOUGHT,OVERBOUGHT
2021-08-31,2021-08-31,17000.0,HOLD,BEARISH,BULLISH,OVERBOUGHT,OVERBOUGHT,OVERBOUGHT
2021-09-01,2021-09-01,16910.0,HOLD,BEARISH,BULLISH,OVERBOUGHT,OVERBOUGHT,OVERBOUGHT
2021-09-02,2021-09-02,17300.0,HOLD,BEARISH,BULLISH,OVERBOUGHT,OVERBOUGHT,OVERBOUGHT
2021-09-03,2021-09-03,17410.0,HOLD,BEARISH,BULLISH,OVERBOUGHT,OVERBOUGHT,OVERBOUGHT
2021-09-06,2021-09-06,17600.0,HOLD,BEARISH,BULLISH,OVERBOUGHT,OVERBOUGHT,OVERBOUGHT
2021-09-07,2021-09-07,18000.0,HOLD,BEARISH,BULLISH,OVERBOUGHT,OVERBOUGHT,OVERBOUGHT
2021-09-09,2021-09-09,18350.0,HOLD,BEARISH,BULLISH,OVERBOUGHT,OVERBOUGHT,OVERBOUGHT
2021-09-10,2021-09-10,18000.0,HOLD,BEARISH,BULLISH,OVERBOUGHT,OVERBOUGHT,OVERBOUGHT
2021-09-13,2021-09-13,17898.0,HOLD,BEARISH,BULLISH,OVERBOUGHT,,OVERBOUGHT
2021-09-14,2021-09-14,17799.0,HOLD,BEARISH,BULLISH,OVERBOUGHT,,
2021-09-15,2021-09-15,17551.0,HOLD,BEARISH,BULLISH,,,
2021-09-16,2021-09-16,17250.0,HOLD,BEARISH,BULLISH,,,
2021-09-17,2021-09-17,16750.0,HOLD,BEARISH,BULLISH,,,
2021-09-20,2021-09-20,16099.0,BUY,BULLISH,BULLISH,,OVERSOLD,OVERSOLD
2021-09-21,2021-09-21,16700.0,BUY,BULLISH,BULLISH,,,OVERSOLD
2021-09-22,2021-09-22,16998.0,HOLD,BULLISH,BULLISH,,,
2021-09-23,2021-09-23,17200.0,HOLD,BULLISH,BULLISH,,,
2021-09-24,2021-09-24,17000.0,HOLD,BULLISH,BULLISH,,,
2021-09-27,2021-09-27,17250.0,HOLD,BULLISH,BULLISH,,,
2021-09-28,2021-09-28,17200.0,HOLD,BULLISH,BULLISH,,,
2021-09-29,2021-09-29,17010.0,HOLD,BULLISH,BULLISH,,,
2021-09-30,2021-09-30,17200.0,HOLD,BULLISH,BULLISH,,,
2021-10-01,2021-10-01,17000.0,HOLD,BULLISH,BULLISH,,,
2021-10-04,2021-10-04,16960.0,HOLD,BULLISH,BULLISH,,,
2021-10-05,2021-10-05,16952.0,HOLD,BULLISH,BULLISH,,,
2021-10-06,2021-10-06,16700.0,HOLD,BULLISH,BULLISH,,,
2021-10-07,2021-10-07,16550.0,HOLD,BULLISH,BEARISH,,,OVERSOLD
2021-10-08,2021-10-08,16700.0,HOLD,BULLISH,BEARISH,,,
2021-10-12,2021-10-12,17000.0,HOLD,BULLISH,BEARISH,,,
2021-10-13,2021-10-13,17200.0,HOLD,BULLISH,BEARISH,,,
2021-10-14,2021-10-14,17300.0,HOLD,BEARISH,BULLISH,,OVERBOUGHT,OVERBOUGHT
2021-10-15,2021-10-15,17400.0,HOLD,BEARISH,BULLISH,,OVERBOUGHT,OVERBOUGHT
2021-10-18,2021-10-18,17500.0,HOLD,BEARISH,BULLISH,,OVERBOUGHT,OVERBOUGHT
2021-10-19,2021-10-19,17601.0,HOLD,BEARISH,BULLISH,,OVERBOUGHT,OVERBOUGHT
2021-10-20,2021-10-20,17701.0,HOLD,BEARISH,BULLISH,,OVERBOUGHT,OVERBOUGHT
2021-10-21,2021-10-21,17750.0,HOLD,BEARISH,BULLISH,,OVERBOUGHT,OVERBOUGHT
2021-10-22,2021-10-22,17900.0,HOLD,BEARISH,BULLISH,OVERBOUGHT,OVERBOUGHT,OVERBOUGHT
2021-10-25,2021-10-25,17900.0,HOLD,BEARISH,BULLISH,OVERBOUGHT,OVERBOUGHT,OVERBOUGHT
2021-10-26,2021-10-26,17900.0,HOLD,BEARISH,BULLISH,OVERBOUGHT,OVERBOUGHT,OVERBOUGHT
2021-10-27,2021-10-27,17700.0,HOLD,BEARISH,BULLISH,OVERBOUGHT,,
2021-10-28,2021-10-28,17800.0,HOLD,BEARISH,BULLISH,OVERBOUGHT,OVERBOUGHT,
2021-10-29,2021-10-29,17799.0,HOLD,BEARISH,BULLISH,OVERBOUGHT,OVERBOUGHT,
2021-11-01,2021-11-01,17799.0,HOLD,BEARISH,BULLISH,OVERBOUGHT,,
2021-11-02,2021-11-02,17750.0,HOLD,BEARISH,BULLISH,OVERBOUGHT,,
2021-11-03,2021-11-03,17526.0,HOLD,BEARISH,BULLISH,,,
2021-11-04,2021-11-04,17550.0,HOLD,BEARISH,BULLISH,,,
2021-11-05,2021-11-05,17551.0,HOLD,BEARISH,BULLISH,,,
2021-11-08,2021-11-08,17350.0,BUY,BULLISH,BULLISH,,OVERSOLD,
2021-11-09,2021-11-09,16995.0,BUY,BULLISH,BULLISH,OVERSOLD,OVERSOLD,OVERSOLD
2021-11-10,2021-11-10,17004.0,BUY,BULLISH,BULLISH,OVERSOLD,OVERSOLD,OVERSOLD
2021-11-11,2021-11-11,17650.0,HOLD,BULLISH,BULLISH,,,
2021-11-12,2021-11-12,17200.0,HOLD,BULLISH,BULLISH,,,
2021-11-15,2021-11-15,17400.0,HOLD,BULLISH,BULLISH,,,
2021-11-16,2021-11-16,17350.0,HOLD,BULLISH,BEARISH,,,
2021-11-17,2021-11-17,17500.0,HOLD,BULLISH,BULLISH,,,
2021-11-18,2021-11-18,17570.0,HOLD,BULLISH,BULLISH,,,
2021-11-19,2021-11-19,17580.0,HOLD,BULLISH,BULLISH,,,
2021-11-22,2021-11-22,17600.0,HOLD,BULLISH,BULLISH,,OVERBOUGHT,
2021-11-23,2021-11-23,17699.0,HOLD,BEARISH,BULLISH,,OVERBOUGHT,
2021-11-24,2021-11-24,17502.0,HOLD,BEARISH,BULLISH,,,
2021-11-25,2021-11-25,17599.0,HOLD,BEARISH,BULLISH,,OVERBOUGHT,
2021-11-26,2021-11-26,17499.0,HOLD,BEARISH,BULLISH,,,
2021-11-29,2021-11-29,17499.0,HOLD,BEARISH,BULLISH,,,
2021-11-30,2021-11-30,17450.0,HOLD,BEARISH,BULLISH,,,
2021-12-01,2021-12-01,17600.0,HOLD,BEARISH,BULLISH,,,
2021-12-02,2021-12-02,17500.0,HOLD,BEARISH,BULLISH,,,
2021-12-03,2021-12-03,17600.0,HOLD,BEARISH,BULLISH,,,
2021-12-06,2021-12-06,17680.0,HOLD,BEARISH,BULLISH,,,OVERBOUGHT
2021-12-07,2021-12-07,17790.0,HOLD,BEARISH,BULLISH,,OVERBOUGHT,OVERBOUGHT
2021-12-09,2021-12-09,17900.0,HOLD,BEARISH,BULLISH,,OVERBOUGHT,OVERBOUGHT
2021-12-10,2021-12-10,17900.0,HOLD,BEARISH,BULLISH,,OVERBOUGHT,OVERBOUGHT
2021-12-13,2021-12-13,17850.0,HOLD,BEARISH,BULLISH,,OVERBOUGHT,OVERBOUGHT
2021-12-14,2021-12-14,17770.0,HOLD,BEARISH,BULLISH,,,
2021-12-15,2021-12-15,17850.0,HOLD,BEARISH,BULLISH,,OVERBOUGHT,OVERBOUGHT
2021-12-16,2021-12-16,17750.0,HOLD,BEARISH,BULLISH,,,
2021-12-17,2021-12-17,17900.0,HOLD,BEARISH,BULLISH,,OVERBOUGHT,OVERBOUGHT
2021-12-20,2021-12-20,17800.0,HOLD,BEARISH,BULLISH,,OVERBOUGHT,
2021-12-21,2021-12-21,17900.0,HOLD,BEARISH,BULLISH,,OVERBOUGHT,
2021-12-22,2021-12-22,17810.0,HOLD,BEARISH,BULLISH,,,
2021-12-23,2021-12-23,17900.0,HOLD,BEARISH,BULLISH,,OVERBOUGHT,
2021-12-24,2021-12-24,18000.0,HOLD,BEARISH,BULLISH,,OVERBOUGHT,OVERBOUGHT
2021-12-27,2021-12-27,18200.0,HOLD,BEARISH,BULLISH,,OVERBOUGHT,OVERBOUGHT
2021-12-28,2021-12-28,18500.0,HOLD,BEARISH,BULLISH,OVERBOUGHT,OVERBOUGHT,OVERBOUGHT
2021-12-29,2021-12-29,18399.0,HOLD,BEARISH,BULLISH,,OVERBOUGHT,OVERBOUGHT
2021-12-30,2021-12-30,18170.0,HOLD,BEARISH,BULLISH,,,OVERBOUGHT
2022-01-03,2022-01-03,18300.0,HOLD,BEARISH,BULLISH,,,OVERBOUGHT
2022-01-04,2022-01-04,18200.0,HOLD,BEARISH,BULLISH,,,
2022-01-05,2022-01-05,18400.0,HOLD,BEARISH,BULLISH,,,OVERBOUGHT
2022-01-10,2022-01-10,18501.0,HOLD,BEARISH,BULLISH,,OVERBOUGHT,OVERBOUGHT
2022-01-11,2022-01-11,19000.0,HOLD,BEARISH,BULLISH,OVERBOUGHT,OVERBOUGHT,OVERBOUGHT
2022-01-12,2022-01-12,18900.0,HOLD,BEARISH,BULLISH,OVERBOUGHT,OVERBOUGHT,OVERBOUGHT
2022-01-13,2022-01-13,19000.0,HOLD,BEARISH,BULLISH,OVERBOUGHT,OVERBOUGHT,OVERBOUGHT
2022-01-14,2022-01-14,19210.0,HOLD,BEARISH,BULLISH,OVERBOUGHT,OVERBOUGHT,OVERBOUGHT
2022-01-17,2022-01-17,19400.0,HOLD,BEARISH,BULLISH,OVERBOUGHT,OVERBOUGHT,OVERBOUGHT
2022-01-18,2022-01-18,19351.0,HOLD,BEARISH,BULLISH,OVERBOUGHT,OVERBOUGHT,OVERBOUGHT
2022-01-20,2022-01-20,19299.0,HOLD,BEARISH,BULLISH,OVERBOUGHT,OVERBOUGHT,OVERBOUGHT
2022-01-21,2022-01-21,19200.0,HOLD,BEARISH,BULLISH,,OVERBOUGHT,
2022-01-24,2022-01-24,17900.0,HOLD,BEARISH,BULLISH,,,
2022-01-25,2022-01-25,17150.0,BUY,BULLISH,BULLISH,,,OVERSOLD
2022-01-26,2022-01-26,17990.0,HOLD,BULLISH,BULLISH,,,
2022-01-27,2022-01-27,18699.0,HOLD,BULLISH,BULLISH,,,
2022-01-28,2022-01-28,18748.0,HOLD,BULLISH,BULLISH,,,
2022-01-31,2022-01-31,18550.0,HOLD,BULLISH,BULLISH,,,
2022-02-01,2022-02-01,18650.0,HOLD,BULLISH,BULLISH,,,
2022-02-02,2022-02-02,18551.0,HOLD,BULLISH,BULLISH,,,
2022-02-03,2022-02-03,18554.0,HOLD,BULLISH,BULLISH,,,
2022-02-04,2022-02-04,18700.0,HOLD,BULLISH,BULLISH,,,
2022-02-07,2022-02-07,18700.0,HOLD,BULLISH,BULLISH,,,
2022-02-08,2022-02-08,18700.0,HOLD,BULLISH,BULLISH,,,
2022-02-09,2022-02-09,18705.0,HOLD,BULLISH,BULLISH,,,
2022-02-10,2022-02-10,18725.0,HOLD,BULLISH,BULLISH,,,
2022-02-11,2022-02-11,18800.0,HOLD,BULLISH,BULLISH,,,
2022-02-14,2022-02-14,18650.0,HOLD,BEARISH,BULLISH,OVERBOUGHT,,
2022-02-15,2022-02-15,18670.0,HOLD,BEARISH,BULLISH,OVERBOUGHT,,
2022-02-16,2022-02-16,18800.0,HOLD,BEARISH,BULLISH,,,
2022-02-17,2022-02-17,18799.0,HOLD,BEARISH,BULLISH,,,
2022-02-18,2022-02-18,18699.0,HOLD,BEARISH,BULLISH,,,
2022-02-21,2022-02-21,18600.0,HOLD,BEARISH,BULLISH,,,
2022-02-22,2022-02-22,18250.0,BUY,BULLISH,BULLISH,,,OVERSOLD
2022-02-23,2022-02-23,18189.0,HOLD,BULLISH,BEARISH,,,OVERSOLD
2022-02-24,2022-02-24,16385.0,HOLD,BULLISH,BEARISH,OVERSOLD,OVERSOLD,OVERSOLD
2022-02-25,2022-02-25,17700.0,HOLD,BULLISH,BEARISH,,,OVERSOLD
2022-02-28,2022-02-28,17500.0,HOLD,BULLISH,BEARISH,,,OVERSOLD
2022-03-01,2022-03-01,17400.0,HOLD,BULLISH,BEARISH,,,OVERSOLD
2022-03-02,2022-03-02,17450.0,HOLD,BULLISH,BEARISH,,,OVERSOLD
2022-03-03,2022-03-03,17500.0,HOLD,BULLISH,BEARISH,,,
2022-03-04,2022-03-04,17600.0,HOLD,BULLISH,BEARISH,,,
2022-03-07,2022-03-07,17550.0,HOLD,BULLISH,BEARISH,,,
2022-03-08,2022-03-08,17300.0,HOLD,BULLISH,BEARISH,,,
2022-03-09,2022-03-09,17400.0,HOLD,BULLISH,BEARISH,,,
2022-03-10,2022-03-10,17300.0,HOLD,BULLISH,BEARISH,,,
2022-03-11,2022-03-11,17500.0,HOLD,BULLISH,BEARISH,,,
2022-03-14,2022-03-14,17850.0,HOLD,BULLISH,BEARISH,,,
2022-03-15,2022-03-15,17700.0,HOLD,BULLISH,BEARISH,,,
2022-03-16,2022-03-16,17700.0,HOLD,BULLISH,BEARISH,OVERBOUGHT,,
2022-03-17,2022-03-17,18000.0,HOLD,BEARISH,BEARISH,,,
2022-03-18,2022-03-18,18200.0,SELL,BEARISH,BEARISH,,OVERBOUGHT,OVERBOUGHT
2022-03-21,2022-03-21,18300.0,SELL,BEARISH,BEARISH,OVERBOUGHT,OVERBOUGHT,OVERBOUGHT
2022-03-22,2022-03-22,18500.0,HOLD,BEARISH,BULLISH,OVERBOUGHT,OVERBOUGHT,OVERBOUGHT
2022-03-23,2022-03-23,18300.0,HOLD,BEARISH,BULLISH,,OVERBOUGHT,OVERBOUGHT
2022-03-24,2022-03-24,18000.0,HOLD,BEARISH,BULLISH,,,
2022-03-25,2022-03-25,18110.0,HOLD,BEARISH,BULLISH,,,
2022-03-28,2022-03-28,18000.0,HOLD,BEARISH,BULLISH,,,
2022-03-29,2022-03-29,18000.0,HOLD,BEARISH,BULLISH,,,
2022-03-30,2022-03-30,17950.0,HOLD,BEARISH,BULLISH,,,
2022-03-31,2022-03-31,18000.0,HOLD,BEARISH,BULLISH,,,
2022-04-01,2022-04-01,17900.0,HOLD,BEARISH,BULLISH,,,
2022-04-04,2022-04-04,18000.0,HOLD,BEARISH,BULLISH,,,
2022-04-05,2022-04-05,18000.0,HOLD,BEARISH,BULLISH,,,
2022-04-06,2022-04-06,18250.0,HOLD,BEARISH,BULLISH,,,
2022-04-07,2022-04-07,18240.0,HOLD,BEARISH,BULLISH,,,
2022-04-08,2022-04-08,18249.0,HOLD,BEARISH,BULLISH,,,
2022-04-11,2022-04-11,18100.0,HOLD,BEARISH,BULLISH,,,
2022-04-12,2022-04-12,18101.0,HOLD,BEARISH,BULLISH,,,
2022-04-13,2022-04-13,18200.0,HOLD,BEARISH,BULLISH,,,
2022-04-14,2022-04-14,18250.0,HOLD,BEARISH,BULLISH,,,
2022-04-15,2022-04-15,18250.0,HOLD,BEARISH,BULLISH,,OVERBOUGHT,
2022-04-18,2022-04-18,18250.0,HOLD,BEARISH,BULLISH,,OVERBOUGHT,
2022-04-19,2022-04-19,17802.0,HOLD,BEARISH,BULLISH,,,
2022-04-20,2022-04-20,17802.0,BUY,BULLISH,BULLISH,,,OVERSOLD
2022-04-21,2022-04-21,17943.0,HOLD,BULLISH,BEARISH,,,
2022-04-26,2022-04-26,17943.0,HOLD,BULLISH,BEARISH,,OVERBOUGHT,
2022-04-27,2022-04-27,17800.0,HOLD,BULLISH,BEARISH,,OVERBOUGHT,
2022-04-28,2022-04-28,17850.0,HOLD,BULLISH,BEARISH,,OVERBOUGHT,
2022-04-29,2022-04-29,17850.0,HOLD,BULLISH,BEARISH,,OVERBOUGHT,
2022-05-03,2022-05-03,17901.0,HOLD,BULLISH,BEARISH,,OVERBOUGHT,
2022-05-04,2022-05-04,17803.0,HOLD,BULLISH,BEARISH,,OVERBOUGHT,
2022-05-05,2022-05-05,17850.0,HOLD,BULLISH,BEARISH,,OVERBOUGHT,
2022-05-06,2022-05-06,17850.0,HOLD,BULLISH,BEARISH,,OVERBOUGHT,
2022-05-09,2022-05-09,17800.0,HOLD,BULLISH,BEARISH,OVERSOLD,OVERBOUGHT,
2022-05-10,2022-05-10,17801.0,HOLD,BULLISH,BEARISH,OVERSOLD,OVERBOUGHT,
2022-05-11,2022-05-11,17650.0,HOLD,BULLISH,BEARISH,OVERSOLD,OVERBOUGHT,
2022-05-12,2022-05-12,17012.0,HOLD,BULLISH,BEARISH,OVERSOLD,OVERBOUGHT,
2022-05-13,2022-05-13,17600.0,HOLD,BULLISH,BEARISH,,,
2022-05-16,2022-05-16,17450.0,HOLD,BULLISH,BEARISH,,,
2022-05-17,2022-05-17,17500.0,HOLD,BULLISH,BEARISH,,,
2022-05-18,2022-05-18,17700.0,HOLD,BULLISH,BEARISH,,,
2022-05-19,2022-05-19,17400.0,HOLD,BULLISH,BEARISH,,,
2022-05-20,2022-05-20,17400.0,HOLD,BULLISH,BEARISH,,,
2022-05-23,2022-05-23,17100.0,HOLD,BULLISH,BEARISH,,,OVERSOLD
2022-05-25,2022-05-25,16950.0,HOLD,BULLISH,BEARISH,,OVERSOLD,OVERSOLD
2022-05-26,2022-05-26,16800.0,HOLD,BULLISH,BEARISH,,OVERSOLD,OVERSOLD
2022-05-27,2022-05-27,16800.0,HOLD,BULLISH,BEARISH,,OVERSOLD,OVERSOLD
2022-05-30,2022-05-30,17100.0,HOLD,BULLISH,BEARISH,,,OVERSOLD
2022-05-31,2022-05-31,17500.0,HOLD,BULLISH,BEARISH,,,
2022-06-01,2022-06-01,17700.0,HOLD,BULLISH,BEARISH,,,
2022-06-02,2022-06-02,17920.0,HOLD,BULLISH,BEARISH,,OVERBOUGHT,
2022-06-03,2022-06-03,17849.0,SELL,BEARISH,BEARISH,,OVERBOUGHT,OVERBOUGHT
2022-06-06,2022-06-06,17601.0,HOLD,BEARISH,BEARISH,,,
2022-06-07,2022-06-07,17600.0,HOLD,BEARISH,BEARISH,,,
2022-06-08,2022-06-08,17500.0,HOLD,BEARISH,BEARISH,,,
2022-06-09,2022-06-09,17400.0,HOLD,BEARISH,BEARISH,,,
2022-06-13,2022-06-13,17000.0,HOLD,BEARISH,BEARISH,,,
2022-06-14,2022-06-14,16650.0,HOLD,BULLISH,BEARISH,,,OVERSOLD
2022-06-15,2022-06-15,16850.0,HOLD,BULLISH,BEARISH,,,OVERSOLD
2022-06-16,2022-06-16,16501.0,HOLD,BULLISH,BEARISH,,OVERSOLD,OVERSOLD
2022-06-17,2022-06-17,16750.0,HOLD,BULLISH,BEARISH,,OVERSOLD,
2022-06-20,2022-06-20,16703.0,HOLD,BULLISH,BEARISH,,OVERSOLD,
2022-06-21,2022-06-21,16750.0,HOLD,BULLISH,BEARISH,,OVERSOLD,
2022-06-22,2022-06-22,16800.0,HOLD,BULLISH,BEARISH,,,
2022-06-23,2022-06-23,16800.0,HOLD,BULLISH,BEARISH,OVERSOLD,,
2022-06-24,2022-06-24,16800.0,HOLD,BULLISH,BEARISH,OVERSOLD,,
2022-06-27,2022-06-27,16710.0,HOLD,BULLISH,BEARISH,OVERSOLD,,
2022-06-28,2022-06-28,16750.0,HOLD,BULLISH,BEARISH,OVERSOLD,,
2022-06-29,2022-06-29,16800.0,HOLD,BULLISH,BEARISH,,,
2022-06-30,2022-06-30,16751.0,HOLD,BULLISH,BEARISH,,,
2022-07-01,2022-07-01,16751.0,HOLD,BULLISH,BEARISH,,,
2022-07-04,2022-07-04,16800.0,HOLD,BULLISH,BEARISH,,,
2022-07-05,2022-07-05,16801.0,HOLD,BULLISH,BEARISH,,,
2022-07-06,2022-07-06,16802.0,HOLD,BULLISH,BEARISH,OVERBOUGHT,,
2022-07-07,2022-07-07,17000.0,SELL,BEARISH,BEARISH,OVERBOUGHT,,OVERBOUGHT
2022-07-08,2022-07-08,17100.0,SELL,BEARISH,BEARISH,OVERBOUGHT,OVERBOUGHT,OVERBOUGHT
2022-07-11,2022-07-11,17100.0,SELL,BEARISH,BEARISH,OVERBOUGHT,OVERBOUGHT,OVERBOUGHT
2022-07-12,2022-07-12,17000.0,SELL,BEARISH,BEARISH,,,OVERBOUGHT
2022-07-13,2022-07-13,16800.0,HOLD,BEARISH,BEARISH,,,
2022-07-14,2022-07-14,16850.0,HOLD,BEARISH,BEARISH,,,
2022-07-15,2022-07-15,16820.0,HOLD,BEARISH,BEARISH,,,
2022-07-18,2022-07-18,16850.0,HOLD,BEARISH,BEARISH,,,
2022-07-19,2022-07-19,17100.0,SELL,BEARISH,BEARISH,,,OVERBOUGHT
2022-07-20,2022-07-20,17001.0,SELL,BEARISH,BEARISH,,,OVERBOUGHT
2022-07-21,2022-07-21,17031.0,HOLD,BEARISH,BEARISH,,,
2022-07-22,2022-07-22,17100.0,SELL,BEARISH,BEARISH,,,OVERBOUGHT
2022-07-25,2022-07-25,17001.0,HOLD,BEARISH,BEARISH,,,
2022-07-26,2022-07-26,16930.0,HOLD,BEARISH,BEARISH,,,
2022-07-27,2022-07-27,16900.0,HOLD,BEARISH,BEARISH,,,
2022-07-28,2022-07-28,17000.0,HOLD,BEARISH,BEARISH,,,
2022-07-29,2022-07-29,17200.0,HOLD,BEARISH,BULLISH,,,
2022-08-01,2022-08-01,17200.0,HOLD,BEARISH,BULLISH,,,OVERSOLD
2022-08-03,2022-08-03,17050.0,HOLD,BEARISH,BULLISH,,OVERBOUGHT,
2022-08-04,2022-08-04,16900.0,HOLD,BEARISH,BULLISH,,OVERBOUGHT,
2022-08-05,2022-08-05,16996.0,HOLD,BEARISH,BULLISH,,OVERBOUGHT,
2022-08-08,2022-08-08,16850.0,SELL,BEARISH,BEARISH,,OVERBOUGHT,
2022-08-09,2022-08-09,16900.0,HOLD,BULLISH,BEARISH,,OVERBOUGHT,
2022-08-10,2022-08-10,16900.0,HOLD,BULLISH,BEARISH,,OVERBOUGHT,
2022-08-11,2022-08-11,16900.0,HOLD,BULLISH,BEARISH,,OVERBOUGHT,
2022-08-12,2022-08-12,17000.0,HOLD,BULLISH,BEARISH,,OVERBOUGHT,
2022-08-15,2022-08-15,17100.0,HOLD,BULLISH,BEARISH,,OVERBOUGHT,
2022-08-16,2022-08-16,17000.0,HOLD,BULLISH,BULLISH,,OVERBOUGHT,
2022-08-17,2022-08-17,17099.0,HOLD,BEARISH,BULLISH,,OVERBOUGHT,
2022-08-18,2022-08-18,17050.0,HOLD,BEARISH,BULLISH,,OVERBOUGHT,
2022-08-19,2022-08-19,17000.0,HOLD,BEARISH,BULLISH,,OVERBOUGHT,
2022-08-22,2022-08-22,17000.0,HOLD,BEARISH,BULLISH,,,
2022-08-23,2022-08-23,16901.0,HOLD,BULLISH,BULLISH,,,
2022-08-24,2022-08-24,17001.0,HOLD,BULLISH,BULLISH,,,
2022-08-25,2022-08-25,17000.0,HOLD,BULLISH,BULLISH,,,
2022-08-26,2022-08-26,17000.0,BUY,BULLISH,BULLISH,,,OVERSOLD
2022-08-29,2022-08-29,16950.0,HOLD,BULLISH,BEARISH,,OVERBOUGHT,
2022-08-30,2022-08-30,16900.0,HOLD,BULLISH,BEARISH,,OVERBOUGHT,
2022-08-31,2022-08-31,16900.0,HOLD,BULLISH,BEARISH,,OVERBOUGHT,
2022-09-01,2022-09-01,16900.0,HOLD,BULLISH,BEARISH,,OVERBOUGHT,OVERSOLD
2022-09-02,2022-09-02,16849.0,HOLD,BULLISH,BEARISH,,OVERBOUGHT,
2022-09-05,2022-09-05,16840.0,HOLD,BULLISH,BEARISH,,OVERBOUGHT,
2022-09-06,2022-09-06,16799.0,HOLD,BULLISH,BEARISH,OVERSOLD,OVERBOUGHT,
2022-09-07,2022-09-07,16800.0,HOLD,BULLISH,BEARISH,OVERSOLD,OVERBOUGHT,
2022-09-09,2022-09-09,16700.0,HOLD,BULLISH,BEARISH,OVERSOLD,OVERBOUGHT,
2022-09-12,2022-09-12,16750.0,HOLD,BULLISH,BEARISH,OVERSOLD,OVERBOUGHT,
2022-09-13,2022-09-13,17000.0,HOLD,BULLISH,BEARISH,,OVERBOUGHT,
2022-09-14,2022-09-14,16800.0,HOLD,BULLISH,BEARISH,,OVERBOUGHT,
2022-09-15,2022-09-15,16800.0,HOLD,BULLISH,BEARISH,,OVERBOUGHT,
2022-09-16,2022-09-16,16760.0,HOLD,BULLISH,BEARISH,,OVERBOUGHT,
2022-09-19,2022-09-19,16752.0,HOLD,BULLISH,BEARISH,,OVERBOUGHT,
2022-09-20,2022-09-20,16707.0,HOLD,BULLISH,BEARISH,,OVERBOUGHT,
2022-09-21,2022-09-21,16700.0,HOLD,BULLISH,BEARISH,,OVERBOUGHT,
2022-09-22,2022-09-22,16700.0,HOLD,BULLISH,BEARISH,,,
2022-09-23,2022-09-23,16700.0,HOLD,BULLISH,BEARISH,,,OVERSOLD
2022-09-26,2022-09-26,16099.0,HOLD,BULLISH,BEARISH,OVERSOLD,,
2022-09-27,2022-09-27,15598.0,HOLD,BULLISH,BEARISH,OVERSOLD,OVERBOUGHT,
2022-09-28,2022-09-28,16000.0,HOLD,BULLISH,BEARISH,,OVERBOUGHT,
2022-09-29,2022-09-29,16000.0,HOLD,BULLISH,BEARISH,,OVERBOUGHT,
2022-09-30,2022-09-30,16100.0,HOLD,BULLISH,BEARISH,,OVERBOUGHT,
2022-10-03,2022-10-03,16000.0,HOLD,BULLISH,BEARISH,OVERSOLD,OVERBOUGHT,
2022-10-04,2022-10-04,16100.0,HOLD,BULLISH,BEARISH,,OVERBOUGHT,
2022-10-05,2022-10-05,16100.0,HOLD,BULLISH,BEARISH,,OVERBOUGHT,
2022-10-06,2022-10-06,16000.0,HOLD,BULLISH,BEARISH,,OVERBOUGHT,
2022-10-07,2022-10-07,16100.0,HOLD,BULLISH,BEARISH,,OVERBOUGHT,
2022-10-10,2022-10-10,16100.0,HOLD,BULLISH,BEARISH,,OVERBOUGHT,
2022-10-12,2022-10-12,16000.0,HOLD,BULLISH,BEARISH,,OVERBOUGHT,
2022-10-13,2022-10-13,15900.0,HOLD,BULLISH,BEARISH,,OVERBOUGHT,
2022-10-14,2022-10-14,15950.0,HOLD,BULLISH,BEARISH,,,
2022-10-17,2022-10-17,15556.0,HOLD,BULLISH,BEARISH,,,
2022-10-18,2022-10-18,15750.0,HOLD,BULLISH,BEARISH,,,
2022-10-19,2022-10-19,15750.0,HOLD,BULLISH,BEARISH,,,
2022-10-20,2022-10-20,15750.0,HOLD,BULLISH,BEARISH,,,
2022-10-21,2022-10-21,15851.0,HOLD,BULLISH,BEARISH,,,
2022-10-25,2022-10-25,15950.0,HOLD,BULLISH,BEARISH,,,
2022-10-26,2022-10-26,16500.0,SELL,BEARISH,BEARISH,,,OVERBOUGHT
2022-10-27,2022-10-27,16599.0,SELL,BEARISH,BEARISH,,OVERBOUGHT,OVERBOUGHT
2022-10-28,2022-10-28,16682.0,SELL,BEARISH,BEARISH,,OVERBOUGHT,OVERBOUGHT
2022-10-31,2022-10-31,16530.0,HOLD,BEARISH,BULLISH,,OVERBOUGHT,OVERBOUGHT
2022-11-01,2022-11-01,16500.0,HOLD,BEARISH,BULLISH,,OVERBOUGHT,OVERBOUGHT
2022-11-02,2022-11-02,16501.0,HOLD,BEARISH,BULLISH,,OVERBOUGHT,OVERBOUGHT
2022-11-03,2022-11-03,16499.0,HOLD,BEARISH,BULLISH,,OVERBOUGHT,
2022-11-04,2022-11-04,16401.0,HOLD,BEARISH,BULLISH,,,
2022-11-07,2022-11-07,16600.0,HOLD,BEARISH,BULLISH,OVERBOUGHT,OVERBOUGHT,
2022-11-08,2022-11-08,16800.0,HOLD,BEARISH,BULLISH,OVERBOUGHT,OVERBOUGHT,OVERBOUGHT
2022-11-09,2022-11-09,16700.0,HOLD,BEARISH,BULLISH,OVERBOUGHT,OVERBOUGHT,
2022-11-10,2022-11-10,16500.0,HOLD,BEARISH,BULLISH,,,
2022-11-11,2022-11-11,16500.0,HOLD,BEARISH,BULLISH,,,
2022-11-14,2022-11-14,16500.0,HOLD,BEARISH,BULLISH,,,
2022-11-15,2022-11-15,16500.0,HOLD,BEARISH,BULLISH,,,
2022-11-16,2022-11-16,16500.0,HOLD,BEARISH,BULLISH,,,
2022-11-17,2022-11-17,16500.0,HOLD,BEARISH,BULLISH,,,
2022-11-18,2022-11-18,16501.0,HOLD,BEARISH,BULLISH,,,
2022-11-21,2022-11-21,16502.0,HOLD,BULLISH,BULLISH,,,
2022-11-22,2022-11-22,16600.0,HOLD,BULLISH,BULLISH,,,
2022-11-23,2022-11-23,16900.0,HOLD,BEARISH,BULLISH,,,OVERBOUGHT
2022-11-24,2022-11-24,17000.0,HOLD,BEARISH,BULLISH,OVERBOUGHT,OVERBOUGHT,OVERBOUGHT
2022-11-25,2022-11-25,17000.0,HOLD,BEARISH,BULLISH,,OVERBOUGHT,OVERBOUGHT
2022-11-28,2022-11-28,16900.0,HOLD,BEARISH,BULLISH,,OVERBOUGHT,OVERBOUGHT
2022-11-29,2022-11-29,17000.0,HOLD,BEARISH,BULLISH,,OVERBOUGHT,OVERBOUGHT
2022-11-30,2022-11-30,17000.0,HOLD,BEARISH,BULLISH,OVERBOUGHT,OVERBOUGHT,OVERBOUGHT
2022-12-01,2022-12-01,17103.0,HOLD,BEARISH,BULLISH,OVERBOUGHT,OVERBOUGHT,OVERBOUGHT
2022-12-02,2022-12-02,17150.0,HOLD,BEARISH,BULLISH,OVERBOUGHT,OVERBOUGHT,OVERBOUGHT
2022-12-05,2022-12-05,17150.0,HOLD,BEARISH,BULLISH,OVERBOUGHT,OVERBOUGHT,OVERBOUGHT
2022-12-06,2022-12-06,17300.0,HOLD,BEARISH,BULLISH,OVERBOUGHT,OVERBOUGHT,OVERBOUGHT
2022-12-07,2022-12-07,17300.0,HOLD,BEARISH,BULLISH,OVERBOUGHT,OVERBOUGHT,OVERBOUGHT
2022-12-09,2022-12-09,17350.0,HOLD,BEARISH,BULLISH,OVERBOUGHT,OVERBOUGHT,OVERBOUGHT
2022-12-12,2022-12-12,17200.0,HOLD,BEARISH,BULLISH,OVERBOUGHT,OVERBOUGHT,
2022-12-13,2022-12-13,17300.0,HOLD,BEARISH,BULLISH,OVERBOUGHT,OVERBOUGHT,
2022-12-14,2022-12-14,17100.0,HOLD,BEARISH,BULLISH,,,
2022-12-15,2022-12-15,17010.0,HOLD,BEARISH,BULLISH,,,
2022-12-16,2022-12-16,17101.0,HOLD,BEARISH,BULLISH,,,
2022-12-19,2022-12-19,17099.0,HOLD,BEARISH,BULLISH,,,
2022-12-20,2022-12-20,17001.0,HOLD,BEARISH,BULLISH,,,
2022-12-21,2022-12-21,17100.0,HOLD,BULLISH,BULLISH,,,
2022-12-22,2022-12-22,17100.0,HOLD,BULLISH,BULLISH,,,
2022-12-23,2022-12-23,17198.0,HOLD,BULLISH,BULLISH,,,
2022-12-26,2022-12-26,17100.0,HOLD,BULLISH,BULLISH,,,
2022-12-27,2022-12-27,17100.0,HOLD,BULLISH,BULLISH,,,
2022-12-28,2022-12-28,17101.0,HOLD,BULLISH,BULLISH,,,
2022-12-29,2022-12-29,17200.0,HOLD,BULLISH,BULLISH,,,
2023-01-03,2023-01-03,17450.0,HOLD,BEARISH,BULLISH,,,OVERBOUGHT
2023-01-04,2023-01-04,17502.0,HOLD,BEARISH,BULLISH,,OVERBOUGHT,OVERBOUGHT
2023-01-05,2023-01-05,17700.0,HOLD,BEARISH,BULLISH,OVERBOUGHT,OVERBOUGHT,OVERBOUGHT
2023-01-09,2023-01-09,17701.0,HOLD,BEARISH,BULLISH,OVERBOUGHT,,OVERBOUGHT
2023-01-10,2023-01-10,17701.0,HOLD,BEARISH,BULLISH,OVERBOUGHT,OVERBOUGHT,OVERSOLD
2023-01-11,2023-01-11,17700.0,HOLD,BEARISH,BULLISH,OVERBOUGHT,OVERBOUGHT,
2023-01-12,2023-01-12,17900.0,HOLD,BEARISH,BULLISH,OVERBOUGHT,OVERBOUGHT,
2023-01-13,2023-01-13,17949.0,HOLD,BEARISH,BULLISH,OVERBOUGHT,OVERBOUGHT,
2023-01-16,2023-01-16,17950.0,HOLD,BEARISH,BULLISH,OVERBOUGHT,OVERBOUGHT,
2023-01-17,2023-01-17,17501.0,HOLD,BEARISH,BULLISH,,OVERBOUGHT,
2023-01-18,2023-01-18,17800.0,HOLD,BEARISH,BULLISH,OVERBOUGHT,OVERBOUGHT,
2023-01-20,2023-01-20,17850.0,HOLD,BEARISH,BULLISH,OVERBOUGHT,OVERBOUGHT,
2023-01-23,2023-01-23,17850.0,HOLD,BEARISH,BULLISH,OVERBOUGHT,OVERBOUGHT,
2023-01-24,2023-01-24,17800.0,HOLD,BEARISH,BULLISH,,OVERBOUGHT,
2023-01-25,2023-01-25,17600.0,HOLD,BEARISH,BULLISH,,OVERBOUGHT,
2023-01-26,2023-01-26,17799.0,HOLD,BEARISH,BULLISH,,OVERBOUGHT,
2023-01-27,2023-01-27,17700.0,HOLD,BEARISH,BULLISH,,OVERBOUGHT,
2023-01-30,2023-01-30,17710.0,HOLD,BEARISH,BULLISH,,OVERBOUGHT,
2023-01-31,2023-01-31,17702.0,HOLD,BEARISH,BULLISH,,,
2023-02-01,2023-02-01,17704.0,HOLD,BULLISH,BULLISH,,,
2023-02-02,2023-02-02,17800.0,HOLD,BULLISH,BULLISH,,,
2023-02-03,2023-02-03,17750.0,HOLD,BULLISH,BULLISH,,,
2023-02-06,2023-02-06,17800.0,HOLD,BULLISH,BULLISH,,,
2023-02-07,2023-02-07,17800.0,HOLD,BULLISH,BULLISH,,,
2023-02-08,2023-02-08,17701.0,HOLD,BULLISH,BULLISH,,,
2023-02-09,2023-02-09,17700.0,HOLD,BULLISH,BULLISH,,,
2023-02-10,2023-02-10,17600.0,BUY,BULLISH,BULLISH,,,OVERSOLD
2023-02-13,2023-02-13,17500.0,BUY,BULLISH,BULLISH,,,OVERSOLD
2023-02-14,2023-02-14,17600.0,BUY,BULLISH,BULLISH,,,OVERSOLD
2023-02-15,2023-02-15,17600.0,BUY,BULLISH,BULLISH,,,OVERSOLD
2023-02-16,2023-02-16,17600.0,BUY,BULLISH,BULLISH,,,OVERSOLD
2023-02-17,2023-02-17,17701.0,HOLD,BULLISH,BULLISH,,,
2023-02-20,2023-02-20,17750.0,HOLD,BULLISH,BULLISH,,OVERBOUGHT,
2023-02-21,2023-02-21,17750.0,HOLD,BULLISH,BULLISH,,OVERBOUGHT,
2023-02-22,2023-02-22,17600.0,HOLD,BULLISH,BULLISH,,OVERBOUGHT,
2023-02-23,2023-02-23,17800.0,HOLD,BULLISH,BULLISH,,OVERBOUGHT,
2023-02-24,2023-02-24,17800.0,HOLD,BEARISH,BULLISH,,OVERBOUGHT,
2023-02-27,2023-02-27,17820.0,HOLD,BEARISH,BULLISH,,OVERBOUGHT,
2023-02-28,2023-02-28,17850.0,HOLD,BEARISH,BULLISH,,OVERBOUGHT,
2023-03-01,2023-03-01,17830.0,HOLD,BEARISH,BULLISH,,OVERBOUGHT,
2023-03-02,2023-03-02,18000.0,HOLD,BEARISH,BULLISH,OVERBOUGHT,OVERBOUGHT,
2023-03-03,2023-03-03,17997.0,HOLD,BEARISH,BULLISH,OVERBOUGHT,OVERBOUGHT,
2023-03-06,2023-03-06,18015.0,HOLD,BEARISH,BULLISH,OVERBOUGHT,OVERBOUGHT,
2023-03-07,2023-03-07,18016.0,HOLD,BEARISH,BULLISH,OVERBOUGHT,OVERBOUGHT,
2023-03-08,2023-03-08,18000.0,HOLD,BEARISH,BULLISH,OVERBOUGHT,OVERBOUGHT,
2023-03-09,2023-03-09,17998.0,HOLD,BEARISH,BULLISH,OVERBOUGHT,,
2023-03-10,2023-03-10,17990.0,HOLD,BEARISH,BULLISH,,,
2023-03-13,2023-03-13,18000.0,HOLD,BEARISH,BULLISH,,,
2023-03-14,2023-03-14,17910.0,HOLD,BEARISH,BULLISH,OVERBOUGHT,,
2023-03-15,2023-03-15,17850.0,HOLD,BEARISH,BULLISH,,,
2023-03-16,2023-03-16,17900.0,HOLD,BEARISH,BULLISH,,,
2023-03-17,2023-03-17,17890.0,HOLD,BEARISH,BULLISH,,,
2023-03-20,2023-03-20,17800.0,HOLD,BEARISH,BULLISH,,,
2023-03-21,2023-03-21,17457.0,BUY,BULLISH,BULLISH,OVERSOLD,OVERSOLD,OVERSOLD
2023-03-22,2023-03-22,17559.0,HOLD,BULLISH,BEARISH,OVERSOLD,OVERSOLD,OVERSOLD
2023-03-23,2023-03-23,17515.0,HOLD,BULLISH,BEARISH,OVERSOLD,OVERSOLD,OVERSOLD
2023-03-24,2023-03-24,17800.0,HOLD,BULLISH,BEARISH,,,
2023-03-27,2023-03-27,17900.0,HOLD,BULLISH,BEARISH,,,
2023-03-28,2023-03-28,17900.0,HOLD,BULLISH,BEARISH,,,
2023-03-29,2023-03-29,18000.0,HOLD,BULLISH,BULLISH,,OVERBOUGHT,
2023-03-30,2023-03-30,17920.0,HOLD,BULLISH,BULLISH,,OVERBOUGHT,
2023-03-31,2023-03-31,17998.0,HOLD,BEARISH,BULLISH,,OVERBOUGHT,
2023-04-03,2023-04-03,17999.0,HOLD,BEARISH,BULLISH,,OVERBOUGHT,
2023-04-04,2023-04-04,17901.0,HOLD,BEARISH,BULLISH,,OVERBOUGHT,
2023-04-05,2023-04-05,17999.0,HOLD,BEARISH,BULLISH,,OVERBOUGHT,
2023-04-06,2023-04-06,18000.0,HOLD,BEARISH,BULLISH,,OVERBOUGHT,
2023-04-07,2023-04-07,18100.0,HOLD,BEARISH,BULLISH,,OVERBOUGHT,OVERBOUGHT
2023-04-10,2023-04-10,18099.0,HOLD,BEARISH,BULLISH,OVERBOUGHT,,OVERBOUGHT
2023-04-11,2023-04-11,18300.0,HOLD,BEARISH,BULLISH,OVERBOUGHT,OVERBOUGHT,OVERBOUGHT
2023-04-12,2023-04-12,18215.0,HOLD,BEARISH,BULLISH,OVERBOUGHT,,OVERBOUGHT
2023-04-13,2023-04-13,18200.0,HOLD,BEARISH,BULLISH,OVERBOUGHT,,OVERBOUGHT
2023-04-18,2023-04-18,18002.0,HOLD,BEARISH,BULLISH,,,
2023-04-19,2023-04-19,17690.0,HOLD,BEARISH,BULLISH,,,
2023-04-20,2023-04-20,17700.0,HOLD,BEARISH,BULLISH,,OVERSOLD,
2023-04-24,2023-04-24,17500.0,HOLD,BULLISH,BEARISH,,OVERSOLD,OVERSOLD
2023-04-25,2023-04-25,17580.0,HOLD,BULLISH,BEARISH,,OVERSOLD,OVERSOLD
2023-04-26,2023-04-26,17501.0,HOLD,BULLISH,BEARISH,,OVERSOLD,OVERSOLD
2023-04-27,2023-04-27,18050.0,HOLD,BULLISH,BEARISH,,,
2023-04-28,2023-04-28,18080.0,HOLD,BULLISH,BEARISH,,,
2023-05-02,2023-05-02,18350.0,HOLD,BULLISH,BULLISH,,,OVERBOUGHT
2023-05-03,2023-05-03,18201.0,HOLD,BEARISH,BULLISH,,,
2023-05-04,2023-05-04,18151.0,HOLD,BEARISH,BULLISH,,,
2023-05-05,2023-05-05,18101.0,HOLD,BEARISH,BULLISH,,,
2023-05-08,2023-05-08,18100.0,HOLD,BEARISH,BULLISH,,,
2023-05-09,2023-05-09,17900.0,HOLD,BEARISH,BULLISH,,,
2023-05-10,2023-05-10,17894.0,HOLD,BEARISH,BULLISH,,,
2023-05-11,2023-05-11,17800.0,HOLD,BULLISH,BULLISH,,,
2023-05-12,2023-05-12,18000.0,HOLD,BEARISH,BULLISH,,,
2023-05-15,2023-05-15,17750.0,HOLD,BULLISH,BEARISH,,,
2023-05-16,2023-05-16,17900.0,HOLD,BEARISH,BEARISH,,,
2023-05-17,2023-05-17,17900.0,HOLD,BEARISH,BEARISH,,,
2023-05-18,2023-05-18,18000.0,HOLD,BEARISH,BEARISH,,,
2023-05-19,2023-05-19,17950.0,HOLD,BEARISH,BEARISH,,,
2023-05-22,2023-05-22,17800.0,HOLD,BULLISH,BEARISH,,,
2023-05-23,2023-05-23,17700.0,HOLD,BULLISH,BEARISH,,OVERSOLD,
2023-05-25,2023-05-25,17850.0,HOLD,BULLISH,BEARISH,,,
2023-05-26,2023-05-26,17930.0,HOLD,BULLISH,BEARISH,,,
2023-05-29,2023-05-29,17940.0,HOLD,BULLISH,BEARISH,,,
2023-05-30,2023-05-30,17900.0,HOLD,BULLISH,BEARISH,,,
2023-05-31,2023-05-31,17895.0,HOLD,BULLISH,BEARISH,,,
2023-06-01,2023-06-01,17889.0,HOLD,BULLISH,BEARISH,,,
2023-06-05,2023-06-05,17850.0,HOLD,BULLISH,BEARISH,,,
2023-06-06,2023-06-06,17790.0,HOLD,BULLISH,BEARISH,,,
2023-06-07,2023-06-07,17500.0,HOLD,BULLISH,BEARISH,,,OVERSOLD
2023-06-08,2023-06-08,17600.0,HOLD,BULLISH,BEARISH,,,OVERSOLD
2023-06-09,2023-06-09,17650.0,HOLD,BULLISH,BEARISH,,,OVERSOLD
2023-06-12,2023-06-12,17500.0,HOLD,BULLISH,BEARISH,,,OVERSOLD
2023-06-13,2023-06-13,17500.0,HOLD,BULLISH,BEARISH,,,OVERSOLD
2023-06-14,2023-06-14,17500.0,HOLD,BULLISH,BEARISH,,OVERSOLD,OVERSOLD
2023-06-15,2023-06-15,17550.0,HOLD,BULLISH,BEARISH,,,OVERSOLD
2023-06-16,2023-06-16,17500.0,HOLD,BULLISH,BEARISH,OVERSOLD,OVERSOLD,
2023-06-19,2023-06-19,17450.0,HOLD,BULLISH,BEARISH,OVERSOLD,OVERSOLD,OVERSOLD
2023-06-20,2023-06-20,17450.0,HOLD,BULLISH,BEARISH,OVERSOLD,OVERSOLD,
2023-06-21,2023-06-21,17400.0,HOLD,BULLISH,BEARISH,OVERSOLD,OVERSOLD,
2023-06-22,2023-06-22,17399.0,HOLD,BULLISH,BEARISH,OVERSOLD,OVERSOLD,
2023-06-23,2023-06-23,17399.0,HOLD,BULLISH,BEARISH,OVERSOLD,OVERSOLD,
2023-06-26,2023-06-26,17400.0,HOLD,BULLISH,BEARISH,OVERSOLD,,
2023-06-27,2023-06-27,17500.0,HOLD,BULLISH,BEARISH,,,
2023-06-28,2023-06-28,17500.0,HOLD,BULLISH,BEARISH,,,
2023-06-29,2023-06-29,17600.0,HOLD,BULLISH,BEARISH,,,
2023-06-30,2023-06-30,17900.0,SELL,BEARISH,BEARISH,OVERBOUGHT,OVERBOUGHT,OVERBOUGHT
2023-07-03,2023-07-03,17900.0,SELL,BEARISH,BEARISH,OVERBOUGHT,OVERBOUGHT,OVERSOLD
2023-07-04,2023-07-04,17700.0,SELL,BEARISH,BEARISH,,OVERBOUGHT,
2023-07-05,2023-07-05,17700.0,SELL,BEARISH,BEARISH,,OVERBOUGHT,
2023-07-06,2023-07-06,17600.0,SELL,BEARISH,BEARISH,,OVERBOUGHT,
2023-07-07,2023-07-07,17600.0,SELL,BEARISH,BEARISH,,OVERBOUGHT,
2023-07-10,2023-07-10,17600.0,SELL,BEARISH,BEARISH,,OVERBOUGHT,OVERSOLD
2023-07-11,2023-07-11,17500.0,SELL,BEARISH,BEARISH,,OVERBOUGHT,
2023-07-12,2023-07-12,17502.0,SELL,BEARISH,BEARISH,,OVERBOUGHT,
2023-07-13,2023-07-13,17599.0,SELL,BEARISH,BEARISH,,OVERBOUGHT,
2023-07-14,2023-07-14,17499.0,SELL,BEARISH,BEARISH,,OVERBOUGHT,
2023-07-17,2023-07-17,17300.0,HOLD,BULLISH,BEARISH,,OVERBOUGHT,
2023-07-18,2023-07-18,17200.0,HOLD,BULLISH,BEARISH,,OVERBOUGHT,
2023-07-19,2023-07-19,17449.0,HOLD,BULLISH,BEARISH,,OVERBOUGHT,
2023-07-20,2023-07-20,17449.0,HOLD,BULLISH,BEARISH,,OVERBOUGHT,
2023-07-21,2023-07-21,17500.0,HOLD,BULLISH,BEARISH,,OVERBOUGHT,
2023-07-24,2023-07-24,17451.0,HOLD,BULLISH,BEARISH,,OVERBOUGHT,
2023-07-25,2023-07-25,17440.0,HOLD,BULLISH,BEARISH,,OVERBOUGHT,
2023-07-26,2023-07-26,17400.0,HOLD,BULLISH,BEARISH,,OVERBOUGHT,
2023-07-27,2023-07-27,17400.0,HOLD,BULLISH,BEARISH,,OVERBOUGHT,
2023-07-28,2023-07-28,17201.0,HOLD,BULLISH,BEARISH,,,
2023-07-31,2023-07-31,17450.0,HOLD,BULLISH,BEARISH,,,
2023-08-01,2023-08-01,17400.0,HOLD,BULLISH,BEARISH,,,
2023-08-03,2023-08-03,17500.0,HOLD,BULLISH,BEARISH,,,
2023-08-04,2023-08-04,17500.0,HOLD,BULLISH,BEARISH,,OVERBOUGHT,
2023-08-07,2023-08-07,17300.0,HOLD,BULLISH,BEARISH,,,
2023-08-08,2023-08-08,17475.0,HOLD,BULLISH,BEARISH,,,
2023-08-09,2023-08-09,17497.0,HOLD,BEARISH,BEARISH,,,
2023-08-10,2023-08-10,17494.0,SELL,BEARISH,BEARISH,,OVERBOUGHT,
2023-08-11,2023-08-11,17470.0,SELL,BEARISH,BEARISH,,OVERBOUGHT,
2023-08-14,2023-08-14,17300.0,HOLD,BEARISH,BEARISH,,,OVERSOLD
2023-08-15,2023-08-15,17399.0,HOLD,BEARISH,BEARISH,,,
2023-08-16,2023-08-16,17350.0,HOLD,BULLISH,BEARISH,,,OVERSOLD
2023-08-17,2023-08-17,17350.0,HOLD,BULLISH,BEARISH,,,
2023-08-18,2023-08-18,17349.0,HOLD,BULLISH,BEARISH,,,
2023-08-21,2023-08-21,17349.0,HOLD,BULLISH,BEARISH,,,
2023-08-22,2023-08-22,17349.0,HOLD,BULLISH,BEARISH,,,OVERSOLD
2023-08-23,2023-08-23,17212.0,HOLD,BULLISH,BEARISH,,,OVERSOLD
2023-08-24,2023-08-24,17300.0,HOLD,BULLISH,BEARISH,,,OVERSOLD
2023-08-25,2023-08-25,17301.0,HOLD,BULLISH,BEARISH,,,
2023-08-29,2023-08-29,17300.0,HOLD,BULLISH,BEARISH,,,
2023-08-30,2023-08-30,17300.0,HOLD,BULLISH,BEARISH,,,
2023-08-31,2023-08-31,17300.0,HOLD,BULLISH,BEARISH,,,
2023-09-01,2023-09-01,17320.0,HOLD,BULLISH,BEARISH,,,
2023-09-04,2023-09-04,17351.0,HOLD,BULLISH,BEARISH,,,
2023-09-05,2023-09-05,17350.0,HOLD,BULLISH,BEARISH,,,
2023-09-06,2023-09-06,17300.0,HOLD,BULLISH,BEARISH,,,
2023-09-07,2023-09-07,17350.0,HOLD,BULLISH,BEARISH,,OVERBOUGHT,
2023-09-11,2023-09-11,17350.0,HOLD,BULLISH,BEARISH,,OVERBOUGHT,
2023-09-12,2023-09-12,17500.0,SELL,BEARISH,BEARISH,,OVERBOUGHT,OVERBOUGHT
2023-09-13,2023-09-13,17500.0,HOLD,BEARISH,BULLISH,,OVERBOUGHT,OVERBOUGHT
2023-09-14,2023-09-14,17350.0,HOLD,BEARISH,BEARISH,,,
2023-09-15,2023-09-15,17351.0,SELL,BEARISH,BEARISH,,,OVERBOUGHT
2023-09-18,2023-09-18,17352.0,HOLD,BEARISH,BEARISH,,,
2023-09-19,2023-09-19,17500.0,HOLD,BEARISH,BULLISH,,,OVERBOUGHT
2023-09-20,2023-09-20,17499.0,HOLD,BEARISH,BULLISH,,,OVERBOUGHT
2023-09-21,2023-09-21,17600.0,HOLD,BEARISH,BULLISH,OVERBOUGHT,OVERBOUGHT,OVERBOUGHT
2023-09-22,2023-09-22,17700.0,HOLD,BEARISH,BULLISH,OVERBOUGHT,OVERBOUGHT,OVERBOUGHT
2023-09-25,2023-09-25,17600.0,HOLD,BEARISH,BULLISH,,,OVERBOUGHT
2023-09-26,2023-09-26,17400.0,HOLD,BEARISH,BULLISH,,,
2023-09-27,2023-09-27,17500.0,HOLD,BEARISH,BULLISH,,,
2023-09-28,2023-09-28,17500.0,HOLD,BEARISH,BULLISH,,,OVERSOLD
2023-09-29,2023-09-29,17600.0,HOLD,BEARISH,BULLISH,,OVERBOUGHT,
2023-10-02,2023-10-02,17400.0,HOLD,BEARISH,BULLISH,,OVERBOUGHT,
2023-10-03,2023-10-03,17600.0,HOLD,BEARISH,BULLISH,,OVERBOUGHT,
2023-10-04,2023-10-04,17650.0,HOLD,BEARISH,BULLISH,,OVERBOUGHT,
2023-10-05,2023-10-05,17603.0,HOLD,BEARISH,BULLISH,,OVERBOUGHT,
2023-10-06,2023-10-06,17747.0,HOLD,BEARISH,BULLISH,,OVERBOUGHT,
2023-10-09,2023-10-09,17700.0,HOLD,BEARISH,BULLISH,,OVERBOUGHT,
2023-10-10,2023-10-10,17700.0,HOLD,BEARISH,BULLISH,,OVERBOUGHT,
2023-10-12,2023-10-12,17720.0,HOLD,BEARISH,BULLISH,,OVERBOUGHT,
2023-10-13,2023-10-13,17750.0,HOLD,BEARISH,BULLISH,,OVERBOUGHT,
2023-10-16,2023-10-16,17801.0,HOLD,BEARISH,BULLISH,,OVERBOUGHT,
2023-10-17,2023-10-17,18000.0,HOLD,BEARISH,BULLISH,OVERBOUGHT,OVERBOUGHT,
2023-10-18,2023-10-18,18000.0,HOLD,BEARISH,BULLISH,OVERBOUGHT,OVERBOUGHT,
2023-10-19,2023-10-19,18300.0,HOLD,BEARISH,BULLISH,OVERBOUGHT,OVERBOUGHT,
2023-10-20,2023-10-20,18099.0,HOLD,BEARISH,BULLISH,,,
2023-10-24,2023-10-24,17850.0,HOLD,BEARISH,BULLISH,,,
2023-10-25,2023-10-25,18000.0,HOLD,BEARISH,BULLISH,,,
2023-10-26,2023-10-26,17900.0,HOLD,BEARISH,BULLISH,,,
2023-10-27,2023-10-27,18000.0,HOLD,BEARISH,BULLISH,,,
2023-10-30,2023-10-30,17901.0,HOLD,BEARISH,BULLISH,,,
2023-10-31,2023-10-31,17900.0,HOLD,BEARISH,BULLISH,,,
2023-11-01,2023-11-01,17900.0,HOLD,BEARISH,BULLISH,,,
2023-11-02,2023-11-02,17900.0,HOLD,BEARISH,BULLISH,,,
2023-11-03,2023-11-03,17700.0,HOLD,BEARISH,BULLISH,,,
2023-11-06,2023-11-06,17700.0,BUY,BULLISH,BULLISH,,OVERSOLD,
2023-11-07,2023-11-07,17698.0,BUY,BULLISH,BULLISH,,OVERSOLD,OVERSOLD
2023-11-08,2023-11-08,17635.0,BUY,BULLISH,BULLISH,,OVERSOLD,OVERSOLD
2023-11-09,2023-11-09,17650.0,BUY,BULLISH,BULLISH,OVERSOLD,OVERSOLD,OVERSOLD
2023-11-10,2023-11-10,17699.0,BUY,BULLISH,BULLISH,,OVERSOLD,OVERSOLD
2023-11-13,2023-11-13,17700.0,HOLD,BULLISH,BEARISH,,,OVERSOLD
2023-11-14,2023-11-14,17700.0,HOLD,BULLISH,BEARISH,OVERSOLD,,
2023-11-15,2023-11-15,17700.0,HOLD,BULLISH,BEARISH,,,
2023-11-16,2023-11-16,17980.0,HOLD,BULLISH,BULLISH,,,
2023-11-17,2023-11-17,17950.0,HOLD,BULLISH,BULLISH,,,
2023-11-20,2023-11-20,17800.0,HOLD,BULLISH,BULLISH,,,
2023-11-21,2023-11-21,17900.0,HOLD,BEARISH,BULLISH,,,
2023-11-22,2023-11-22,18000.0,HOLD,BEARISH,BULLISH,,,
2023-11-23,2023-11-23,18000.0,HOLD,BEARISH,BULLISH,,OVERBOUGHT,
2023-11-24,2023-11-24,18000.0,HOLD,BEARISH,BULLISH,,OVERBOUGHT,
2023-11-27,2023-11-27,18100.0,HOLD,BEARISH,BULLISH,OVERBOUGHT,OVERBOUGHT,OVERBOUGHT
2023-11-28,2023-11-28,18149.0,HOLD,BEARISH,BULLISH,OVERBOUGHT,OVERBOUGHT,OVERBOUGHT
2023-11-29,2023-11-29,18100.0,HOLD,BEARISH,BULLISH,OVERBOUGHT,OVERBOUGHT,OVERBOUGHT
2023-11-30,2023-11-30,18200.0,HOLD,BEARISH,BULLISH,OVERBOUGHT,OVERBOUGHT,OVERBOUGHT
2023-12-01,2023-12-01,18300.0,HOLD,BEARISH,BULLISH,OVERBOUGHT,OVERBOUGHT,OVERBOUGHT
2023-12-04,2023-12-04,18400.0,HOLD,BEARISH,BULLISH,OVERBOUGHT,OVERBOUGHT,OVERBOUGHT
2023-12-05,2023-12-05,18400.0,HOLD,BEARISH,BULLISH,OVERBOUGHT,OVERBOUGHT,OVERBOUGHT
2023-12-06,2023-12-06,18350.0,HOLD,BEARISH,BULLISH,,,OVERBOUGHT
2023-12-07,2023-12-07,18350.0,HOLD,BEARISH,BULLISH,OVERBOUGHT,,OVERBOUGHT
2023-12-11,2023-12-11,18100.0,HOLD,BEARISH,BULLISH,,,
2023-12-12,2023-12-12,18150.0,HOLD,BEARISH,BULLISH,,,
2023-12-13,2023-12-13,18151.0,HOLD,BEARISH,BULLISH,,,
2023-12-14,2023-12-14,18300.0,HOLD,BEARISH,BULLISH,,,
2023-12-15,2023-12-15,18300.0,HOLD,BEARISH,BULLISH,,,
2023-12-18,2023-12-18,18299.0,HOLD,BEARISH,BULLISH,,,
2023-12-19,2023-12-19,18250.0,HOLD,BEARISH,BULLISH,,,
2023-12-20,2023-12-20,18000.0,HOLD,BEARISH,BULLISH,,,
2023-12-21,2023-12-21,18200.0,HOLD,BULLISH,BULLISH,,,
2023-12-22,2023-12-22,18250.0,HOLD,BULLISH,BULLISH,,,
2023-12-25,2023-12-25,18150.0,HOLD,BULLISH,BULLISH,,,
2023-12-26,2023-12-26,18149.0,HOLD,BULLISH,BULLISH,,,
2023-12-27,2023-12-27,18100.0,HOLD,BULLISH,BULLISH,,,
2023-12-28,2023-12-28,18150.0,HOLD,BULLISH,BULLISH,,,
2024-01-02,2024-01-02,18151.0,HOLD,BULLISH,BULLISH,,,
2024-01-03,2024-01-03,18300.0,HOLD,BULLISH,BULLISH,,,
2024-01-04,2024-01-04,18399.0,HOLD,BEARISH,BULLISH,,,OVERBOUGHT
2024-01-05,2024-01-05,18450.0,HOLD,BEARISH,BULLISH,,OVERBOUGHT,OVERBOUGHT
2024-01-09,2024-01-09,18450.0,HOLD,BEARISH,BULLISH,,OVERBOUGHT,OVERBOUGHT
2024-01-10,2024-01-10,18399.0,HOLD,BEARISH,BULLISH,,OVERBOUGHT,OVERBOUGHT
2024-01-11,2024-01-11,18399.0,HOLD,BEARISH,BULLISH,,OVERBOUGHT,OVERBOUGHT
2024-01-12,2024-01-12,18350.0,HOLD,BEARISH,BULLISH,OVERBOUGHT,,
2024-01-15,2024-01-15,18350.0,HOLD,BEARISH,BULLISH,,,
2024-01-16,2024-01-16,18350.0,HOLD,BEARISH,BULLISH,,,
2024-01-17,2024-01-17,18350.0,HOLD,BEARISH,BULLISH,,,
2024-01-18,2024-01-18,18449.0,HOLD,BEARISH,BULLISH,OVERBOUGHT,OVERBOUGHT,
2024-01-22,2024-01-22,18400.0,HOLD,BEARISH,BULLISH,OVERBOUGHT,OVERBOUGHT,
2024-01-23,2024-01-23,18449.0,HOLD,BEARISH,BULLISH,OVERBOUGHT,OVERBOUGHT,
2024-01-24,2024-01-24,18400.0,HOLD,BEARISH,BULLISH,,,
2024-01-25,2024-01-25,18420.0,HOLD,BEARISH,BULLISH,,,
2024-01-26,2024-01-26,18548.0,HOLD,BEARISH,BULLISH,,,OVERBOUGHT
2024-01-29,2024-01-29,18650.0,HOLD,BEARISH,BULLISH,,OVERBOUGHT,OVERBOUGHT
2024-01-30,2024-01-30,19000.0,HOLD,BEARISH,BULLISH,OVERBOUGHT,OVERBOUGHT,OVERBOUGHT
2024-01-31,2024-01-31,19300.0,HOLD,BEARISH,BULLISH,OVERBOUGHT,OVERBOUGHT,OVERBOUGHT
2024-02-01,2024-02-01,20299.0,HOLD,BEARISH,BULLISH,OVERBOUGHT,OVERBOUGHT,OVERBOUGHT
2024-02-02,2024-02-02,19899.0,HOLD,BEARISH,BULLISH,OVERBOUGHT,,OVERBOUGHT
2024-02-05,2024-02-05,19500.0,HOLD,BEARISH,BULLISH,,,OVERBOUGHT
2024-02-06,2024-02-06,19301.0,HOLD,BEARISH,BULLISH,,,
2024-02-07,2024-02-07,19400.0,HOLD,BEARISH,BULLISH,,,
2024-02-08,2024-02-08,19400.0,HOLD,BEARISH,BULLISH,,,
2024-02-09,2024-02-09,19750.0,HOLD,BEARISH,BULLISH,,,
2024-02-12,2024-02-12,19750.0,HOLD,BEARISH,BULLISH,,,
2024-02-13,2024-02-13,19750.0,HOLD,BEARISH,BULLISH,OVERBOUGHT,,
2024-02-14,2024-02-14,19997.0,HOLD,BEARISH,BULLISH,OVERBOUGHT,,
2024-02-15,2024-02-15,19999.0,HOLD,BEARISH,BULLISH,OVERBOUGHT,,
2024-02-16,2024-02-16,19997.0,HOLD,BEARISH,BULLISH,OVERBOUGHT,,
2024-02-19,2024-02-19,20000.0,HOLD,BEARISH,BULLISH,,,
2024-02-20,2024-02-20,20050.0,HOLD,BEARISH,BULLISH,,,
2024-02-21,2024-02-21,20249.0,HOLD,BEARISH,BULLISH,,,OVERBOUGHT
2024-02-22,2024-02-22,20250.0,HOLD,BEARISH,BULLISH,,OVERBOUGHT,
2024-02-23,2024-02-23,20400.0,HOLD,BEARISH,BULLISH,OVERBOUGHT,OVERBOUGHT,OVERBOUGHT
2024-02-26,2024-02-26,20700.0,HOLD,BEARISH,BULLISH,OVERBOUGHT,OVERBOUGHT,OVERBOUGHT
2024-02-27,2024-02-27,20700.0,HOLD,BEARISH,BULLISH,OVERBOUGHT,OVERBOUGHT,OVERBOUGHT
2024-02-28,2024-02-28,20600.0,HOLD,BEARISH,BULLISH,OVERBOUGHT,,OVERBOUGHT
2024-02-29,2024-02-29,20500.0,HOLD,BEARISH,BULLISH,OVERBOUGHT,,OVERBOUGHT
2024-03-01,2024-03-01,20480.0,HOLD,BEARISH,BULLISH,OVERBOUGHT,,
2024-03-04,2024-03-04,20300.0,HOLD,BEARISH,BULLISH,OVERBOUGHT,,
2024-03-05,2024-03-05,20200.0,HOLD,BEARISH,BULLISH,,,
2024-03-06,2024-03-06,20100.0,HOLD,BEARISH,BULLISH,,,
2024-03-07,2024-03-07,20100.0,HOLD,BEARISH,BULLISH,,OVERSOLD,
2024-03-08,2024-03-08,19982.0,HOLD,BEARISH,BULLISH,,OVERSOLD,
2024-03-11,2024-03-11,20000.0,BUY,BULLISH,BULLISH,,OVERSOLD,
2024-03-12,2024-03-12,20100.0,BUY,BULLISH,BULLISH,,OVERSOLD,
2024-03-13,2024-03-13,20000.0,BUY,BULLISH,BULLISH,,OVERSOLD,
2024-03-14,2024-03-14,20100.0,BUY,BULLISH,BULLISH,,OVERSOLD,
2024-03-15,2024-03-15,20300.0,HOLD,BULLISH,BULLISH,,,
2024-03-18,2024-03-18,20300.0,HOLD,BULLISH,BULLISH,,,
2024-03-19,2024-03-19,20302.0,HOLD,BULLISH,BULLISH,,,
2024-03-20,2024-03-20,20350.0,HOLD,BULLISH,BULLISH,,,
2024-03-21,2024-03-21,20401.0,HOLD,BULLISH,BULLISH,,,
2024-03-22,2024-03-22,20400.0,HOLD,BULLISH,BULLISH,,OVERBOUGHT,
2024-03-25,2024-03-25,20400.0,HOLD,BEARISH,BULLISH,,OVERBOUGHT,
2024-03-26,2024-03-26,20304.0,HOLD,BEARISH,BULLISH,,,
2024-03-27,2024-03-27,20396.0,HOLD,BEARISH,BULLISH,,,
2024-03-28,2024-03-28,20395.0,HOLD,BEARISH,BULLISH,OVERBOUGHT,,
2024-03-29,2024-03-29,20395.0,HOLD,BEARISH,BULLISH,OVERBOUGHT,,
2024-04-01,2024-04-01,20499.0,HOLD,BEARISH,BULLISH,OVERBOUGHT,OVERBOUGHT,
2024-04-02,2024-04-02,20500.0,HOLD,BEARISH,BULLISH,OVERBOUGHT,OVERBOUGHT,
2024-04-03,2024-04-03,20601.0,HOLD,BEARISH,BULLISH,OVERBOUGHT,OVERBOUGHT,OVERBOUGHT
2024-04-04,2024-04-04,20400.0,HOLD,BEARISH,BULLISH,,,
2024-04-05,2024-04-05,20600.0,HOLD,BEARISH,BULLISH,,,OVERBOUGHT
2024-04-08,2024-04-08,20595.0,HOLD,BEARISH,BULLISH,,,OVERBOUGHT
2024-04-09,2024-04-09,20598.0,HOLD,BEARISH,BULLISH,,OVERBOUGHT,OVERBOUGHT
2024-04-11,2024-04-11,20600.0,HOLD,BEARISH,BULLISH,,OVERBOUGHT,OVERBOUGHT
2024-04-12,2024-04-12,20600.0,HOLD,BEARISH,BULLISH,,OVERBOUGHT,OVERBOUGHT
2024-04-15,2024-04-15,20600.0,HOLD,BEARISH,BULLISH,,OVERBOUGHT,OVERBOUGHT
2024-04-16,2024-04-16,20600.0,HOLD,BEARISH,BULLISH,OVERBOUGHT,OVERBOUGHT,
2024-04-17,2024-04-17,20600.0,HOLD,BEARISH,BULLISH,,OVERBOUGHT,OVERSOLD
2024-04-18,2024-04-18,20100.0,HOLD,BEARISH,BULLISH,,OVERBOUGHT,
2024-04-19,2024-04-19,20002.0,HOLD,BULLISH,BULLISH,,OVERBOUGHT,
2024-04-22,2024-04-22,20050.0,HOLD,BULLISH,BULLISH,,OVERBOUGHT,
2024-04-23,2024-04-23,20100.0,HOLD,BULLISH,BEARISH,,OVERBOUGHT,
2024-04-25,2024-04-25,20151.0,HOLD,BULLISH,BEARISH,,OVERBOUGHT,
2024-04-26,2024-04-26,20200.0,HOLD,BULLISH,BEARISH,,OVERBOUGHT,
2024-04-29,2024-04-29,20350.0,HOLD,BULLISH,BEARISH,,OVERBOUGHT,
2024-04-30,2024-04-30,20400.0,HOLD,BULLISH,BEARISH,,OVERBOUGHT,
2024-05-02,2024-05-02,20450.0,HOLD,BULLISH,BEARISH,,OVERBOUGHT,
2024-05-07,2024-05-07,20500.0,HOLD,BULLISH,BULLISH,,OVERBOUGHT,
2024-05-09,2024-05-09,20600.0,HOLD,BULLISH,BULLISH,,OVERBOUGHT,
2024-05-10,2024-05-10,20752.0,HOLD,BEARISH,BULLISH,,OVERBOUGHT,
2024-05-13,2024-05-13,21000.0,HOLD,BEARISH,BULLISH,,OVERBOUGHT,
2024-05-14,2024-05-14,21000.0,HOLD,BEARISH,BULLISH,,OVERBOUGHT,
2024-05-15,2024-05-15,20950.0,HOLD,BEARISH,BULLISH,OVERBOUGHT,OVERBOUGHT,
2024-05-16,2024-05-16,20651.0,HOLD,BEARISH,BULLISH,OVERBOUGHT,,
2024-05-17,2024-05-17,20700.0,HOLD,BEARISH,BULLISH,OVERBOUGHT,,
2024-05-20,2024-05-20,20699.0,HOLD,BEARISH,BULLISH,OVERBOUGHT,,
2024-05-21,2024-05-21,20700.0,HOLD,BEARISH,BULLISH,OVERBOUGHT,,
2024-05-22,2024-05-22,20800.0,HOLD,BEARISH,BULLISH,OVERBOUGHT,,
2024-05-23,2024-05-23,20800.0,HOLD,BEARISH,BULLISH,,,
2024-05-27,2024-05-27,20800.0,HOLD,BEARISH,BULLISH,,,
2024-05-28,2024-05-28,20800.0,HOLD,BEARISH,BULLISH,,,
2024-05-29,2024-05-29,20800.0,HOLD,BEARISH,BULLISH,,,
2024-05-30,2024-05-30,20900.0,HOLD,BEARISH,BULLISH,,,
2024-05-31,2024-05-31,20800.0,HOLD,BEARISH,BULLISH,,,
2024-06-03,2024-06-03,20750.0,HOLD,BEARISH,BULLISH,,,
2024-06-04,2024-06-04,20700.0,HOLD,BEARISH,BULLISH,,,
2024-06-05,2024-06-05,20800.0,HOLD,BULLISH,BULLISH,,,
2024-06-06,2024-06-06,20998.0,HOLD,BEARISH,BULLISH,OVERBOUGHT,,
2024-06-07,2024-06-07,20997.0,HOLD,BEARISH,BULLISH,OVERBOUGHT,OVERBOUGHT,OVERBOUGHT
2024-06-10,2024-06-10,20850.0,HOLD,BEARISH,BULLISH,,,
2024-06-11,2024-06-11,20900.0,HOLD,BEARISH,BULLISH,,,
2024-06-12,2024-06-12,20900.0,HOLD,BEARISH,BULLISH,,,
2024-06-13,2024-06-13,20800.0,HOLD,BEARISH,BULLISH,,,
2024-06-14,2024-06-14,20800.0,HOLD,BEARISH,BULLISH,,,
2024-06-17,2024-06-17,20800.0,HOLD,BEARISH,BULLISH,,,
2024-06-18,2024-06-18,20750.0,HOLD,BULLISH,BULLISH,,,
2024-06-19,2024-06-19,20700.0,BUY,BULLISH,BULLISH,,OVERSOLD,OVERSOLD
2024-06-20,2024-06-20,20749.0,BUY,BULLISH,BULLISH,,OVERSOLD,
2024-06-24,2024-06-24,20750.0,BUY,BULLISH,BULLISH,,OVERSOLD,
2024-06-25,2024-06-25,20550.0,BUY,BULLISH,BULLISH,,OVERSOLD,OVERSOLD
2024-06-26,2024-06-26,20600.0,HOLD,BULLISH,BEARISH,,,OVERSOLD
2024-06-27,2024-06-27,20600.0,HOLD,BULLISH,BEARISH,OVERSOLD,,OVERSOLD
2024-06-28,2024-06-28,20600.0,HOLD,BULLISH,BEARISH,OVERSOLD,,OVERSOLD
2024-07-01,2024-07-01,20540.0,HOLD,BULLISH,BEARISH,OVERSOLD,OVERSOLD,OVERSOLD
2024-07-02,2024-07-02,20800.0,HOLD,BULLISH,BEARISH,,,
2024-07-03,2024-07-03,20800.0,HOLD,BULLISH,BEARISH,,,
2024-07-04,2024-07-04,21004.0,HOLD,BULLISH,BULLISH,,OVERBOUGHT,OVERBOUGHT
2024-07-05,2024-07-05,21550.0,HOLD,BEARISH,BULLISH,OVERBOUGHT,OVERBOUGHT,OVERBOUGHT
2024-07-08,2024-07-08,21500.0,HOLD,BEARISH,BULLISH,OVERBOUGHT,OVERBOUGHT,OVERBOUGHT
2024-07-09,2024-07-09,21500.0,HOLD,BEARISH,BULLISH,OVERBOUGHT,,OVERBOUGHT
2024-07-10,2024-07-10,22100.0,HOLD,BEARISH,BULLISH,OVERBOUGHT,OVERBOUGHT,OVERBOUGHT
2024-07-11,2024-07-11,22050.0,HOLD,BEARISH,BULLISH,OVERBOUGHT,,OVERBOUGHT
2024-07-12,2024-07-12,22100.0,HOLD,BEARISH,BULLISH,OVERBOUGHT,,OVERBOUGHT
2024-07-15,2024-07-15,22000.0,HOLD,BEARISH,BULLISH,OVERBOUGHT,,OVERBOUGHT
2024-07-16,2024-07-16,22150.0,HOLD,BEARISH,BULLISH,OVERBOUGHT,,OVERBOUGHT
2024-07-17,2024-07-17,22500.0,HOLD,BEARISH,BULLISH,OVERBOUGHT,OVERBOUGHT,OVERBOUGHT
2024-07-18,2024-07-18,22149.0,HOLD,BEARISH,BULLISH,OVERBOUGHT,OVERBOUGHT,
2024-07-19,2024-07-19,22149.0,HOLD,BEARISH,BULLISH,OVERBOUGHT,OVERBOUGHT,
2024-07-22,2024-07-22,22146.0,HOLD,BEARISH,BULLISH,OVERBOUGHT,,
2024-07-23,2024-07-23,22150.0,HOLD,BEARISH,BULLISH,OVERBOUGHT,,
2024-07-24,2024-07-24,22211.0,HOLD,BEARISH,BULLISH,OVERBOUGHT,,
2024-07-25,2024-07-25,22350.0,HOLD,BEARISH,BULLISH,OVERBOUGHT,OVERBOUGHT,
2024-07-26,2024-07-26,22250.0,HOLD,BEARISH,BULLISH,,,
2024-07-29,2024-07-29,22350.0,HOLD,BEARISH,BULLISH,OVERBOUGHT,,
2024-07-30,2024-07-30,22300.0,HOLD,BEARISH,BULLISH,,,
2024-07-31,2024-07-31,22300.0,HOLD,BEARISH,BULLISH,,,
2024-08-01,2024-08-01,22249.0,HOLD,BEARISH,BULLISH,,,
2024-08-05,2024-08-05,21800.0,HOLD,BEARISH,BULLISH,,,
2024-08-06,2024-08-06,21989.0,HOLD,BULLISH,BULLISH,,,
2024-08-07,2024-08-07,21875.0,BUY,BULLISH,BULLISH,,OVERSOLD,OVERSOLD
2024-08-08,2024-08-08,21980.0,BUY,BULLISH,BULLISH,,,OVERSOLD
2024-08-09,2024-08-09,22000.0,HOLD,BULLISH,BULLISH,,,
2024-08-12,2024-08-12,22150.0,HOLD,BULLISH,BULLISH,,,
2024-08-13,2024-08-13,22200.0,HOLD,BULLISH,BULLISH,,,
2024-08-14,2024-08-14,22200.0,HOLD,BULLISH,BULLISH,,,
2024-08-15,2024-08-15,22100.0,HOLD,BULLISH,BULLISH,,,
2024-08-16,2024-08-16,22099.0,HOLD,BULLISH,BULLISH,,,
2024-08-19,2024-08-19,22000.0,HOLD,BULLISH,BULLISH,,,
2024-08-20,2024-08-20,21999.0,HOLD,BULLISH,BULLISH,,,
2024-08-21,2024-08-21,22000.0,HOLD,BULLISH,BULLISH,,,
2024-08-22,2024-08-22,22000.0,HOLD,BULLISH,BULLISH,,,
2024-08-23,2024-08-23,21999.0,HOLD,BULLISH,BULLISH,,,
2024-08-26,2024-08-26,21999.0,HOLD,BULLISH,BULLISH,,,
2024-08-27,2024-08-27,21999.0,HOLD,BULLISH,BULLISH,,,
2024-08-29,2024-08-29,21940.0,HOLD,BULLISH,BULLISH,,,
2024-08-30,2024-08-30,22000.0,HOLD,BULLISH,BULLISH,,,
2024-09-02,2024-09-02,21950.0,BUY,BULLISH,BULLISH,OVERSOLD,,
2024-09-03,2024-09-03,22000.0,BUY,BULLISH,BULLISH,OVERSOLD,,
2024-09-04,2024-09-04,21995.0,BUY,BULLISH,BULLISH,OVERSOLD,,
2024-09-05,2024-09-05,21995.0,HOLD,BULLISH,BULLISH,,,
2024-09-06,2024-09-06,21993.0,HOLD,BULLISH,BULLISH,,,
2024-09-10,2024-09-10,22000.0,HOLD,BULLISH,BULLISH,,,
2024-09-11,2024-09-11,22100.0,HOLD,BULLISH,BULLISH,,,
2024-09-12,2024-09-12,22002.0,HOLD,BULLISH,BULLISH,,,
2024-09-13,2024-09-13,22399.0,HOLD,BEARISH,BULLISH,OVERBOUGHT,,OVERBOUGHT
2024-09-16,2024-09-16,22004.0,HOLD,BEARISH,BULLISH,,,
2024-09-17,2024-09-17,22200.0,HOLD,BEARISH,BULLISH,,,OVERBOUGHT
2024-09-18,2024-09-18,22310.0,HOLD,BEARISH,BULLISH,,,OVERBOUGHT
2024-09-19,2024-09-19,22150.0,HOLD,BEARISH,BULLISH,,,
2024-09-20,2024-09-20,22200.0,HOLD,BEARISH,BULLISH,,,OVERBOUGHT
2024-09-23,2024-09-23,22299.0,HOLD,BEARISH,BULLISH,,,OVERBOUGHT
2024-09-24,2024-09-24,22300.0,HOLD,BEARISH,BULLISH,,,OVERBOUGHT
2024-09-25,2024-09-25,22222.0,HOLD,BEARISH,BULLISH,,,
2024-09-26,2024-09-26,22300.0,HOLD,BEARISH,BULLISH,,,
2024-09-27,2024-09-27,22300.0,HOLD,BEARISH,BULLISH,,,
2024-09-30,2024-09-30,22300.0,HOLD,BEARISH,BULLISH,,,
2024-10-01,2024-10-01,22250.0,HOLD,BEARISH,BULLISH,,,
2024-10-02,2024-10-02,22300.0,HOLD,BEARISH,BULLISH,,,
2024-10-03,2024-10-03,22250.0,HOLD,BEARISH,BULLISH,,,
2024-10-04,2024-10-04,22201.0,HOLD,BEARISH,BULLISH,,,
2024-10-07,2024-10-07,22150.0,HOLD,BEARISH,BULLISH,,,
2024-10-08,2024-10-08,22300.0,HOLD,BEARISH,BULLISH,,,
2024-10-09,2024-10-09,22300.0,HOLD,BEARISH,BULLISH,,,
2024-10-10,2024-10-10,22350.0,HOLD,BEARISH,BULLISH,,,OVERBOUGHT
2024-10-14,2024-10-14,22300.0,HOLD,BEARISH,BULLISH,,,
2024-10-15,2024-10-15,22101.0,BUY,BULLISH,BULLISH,,,OVERSOLD
2024-10-16,2024-10-16,22295.0,HOLD,BULLISH,BULLISH,,,
2024-10-17,2024-10-17,22250.0,HOLD,BULLISH,BULLISH,,,
2024-10-18,2024-10-18,22250.0,HOLD,BULLISH,BULLISH,,,
2024-10-21,2024-10-21,22250.0,HOLD,BULLISH,BULLISH,,,
2024-10-22,2024-10-22,22250.0,HOLD,BULLISH,BULLISH,,,
2024-10-24,2024-10-24,22250.0,HOLD,BULLISH,BULLISH,,,
2024-10-25,2024-10-25,22200.0,HOLD,BULLISH,BULLISH,,,
2024-10-28,2024-10-28,22300.0,HOLD,BULLISH,BULLISH,,,
2024-10-29,2024-10-29,22200.0,HOLD,BULLISH,BULLISH,,,
2024-10-30,2024-10-30,22250.0,HOLD,BULLISH,BULLISH,,,
2024-10-31,2024-10-31,22250.0,HOLD,BULLISH,BULLISH,,,
2024-11-01,2024-11-01,22300.0,HOLD,BEARISH,BULLISH,,,OVERBOUGHT
2024-11-04,2024-11-04,22300.0,HOLD,BEARISH,BULLISH,,,
2024-11-05,2024-11-05,22300.0,HOLD,BEARISH,BULLISH,,,
2024-11-06,2024-11-06,22500.0,HOLD,BEARISH,BULLISH,,,OVERBOUGHT
2024-11-07,2024-11-07,23000.0,HOLD,BEARISH,BULLISH,OVERBOUGHT,OVERBOUGHT,OVERBOUGHT
2024-11-08,2024-11-08,23299.0,HOLD,BEARISH,BULLISH,OVERBOUGHT,OVERBOUGHT,OVERBOUGHT
2024-11-11,2024-11-11,23889.0,HOLD,BEARISH,BULLISH,OVERBOUGHT,OVERBOUGHT,OVERBOUGHT
2024-11-12,2024-11-12,23820.0,HOLD,BEARISH,BULLISH,OVERBOUGHT,OVERBOUGHT,OVERBOUGHT
2024-11-13,2024-11-13,24000.0,HOLD,BEARISH,BULLISH,OVERBOUGHT,OVERBOUGHT,OVERBOUGHT
2024-11-14,2024-11-14,24000.0,HOLD,BEARISH,BULLISH,OVERBOUGHT,OVERBOUGHT,OVERBOUGHT
2024-11-15,2024-11-15,24350.0,HOLD,BEARISH,BULLISH,OVERBOUGHT,OVERBOUGHT,OVERBOUGHT
2024-11-18,2024-11-18,25000.0,HOLD,BEARISH,BULLISH,OVERBOUGHT,OVERBOUGHT,OVERBOUGHT
2024-11-19,2024-11-19,25100.0,HOLD,BEARISH,BULLISH,OVERBOUGHT,OVERBOUGHT,OVERBOUGHT
2024-11-20,2024-11-20,25198.0,HOLD,BEARISH,BULLISH,OVERBOUGHT,OVERBOUGHT,OVERBOUGHT
2024-11-21,2024-11-21,25190.0,HOLD,BEARISH,BULLISH,OVERBOUGHT,OVERBOUGHT,OVERBOUGHT
2024-11-22,2024-11-22,25100.0,HOLD,BEARISH,BULLISH,OVERBOUGHT,OVERBOUGHT,OVERBOUGHT
2024-11-25,2024-11-25,25200.0,HOLD,BEARISH,BULLISH,OVERBOUGHT,OVERBOUGHT,OVERBOUGHT
2024-11-26,2024-11-26,25205.0,HOLD,BEARISH,BULLISH,OVERBOUGHT,OVERBOUGHT,
2024-11-27,2024-11-27,25244.0,HOLD,BEARISH,BULLISH,OVERBOUGHT,OVERBOUGHT,
2024-11-28,2024-11-28,25290.0,HOLD,BEARISH,BULLISH,OVERBOUGHT,OVERBOUGHT,
2024-11-29,2024-11-29,25300.0,HOLD,BEARISH,BULLISH,OVERBOUGHT,OVERBOUGHT,
2024-12-02,2024-12-02,25400.0,HOLD,BEARISH,BULLISH,OVERBOUGHT,OVERBOUGHT,
2024-12-03,2024-12-03,25550.0,HOLD,BEARISH,BULLISH,OVERBOUGHT,OVERBOUGHT,
2024-12-04,2024-12-04,25900.0,HOLD,BEARISH,BULLISH,OVERBOUGHT,OVERBOUGHT,
2024-12-05,2024-12-05,27499.0,HOLD,BEARISH,BULLISH,OVERBOUGHT,OVERBOUGHT,OVERBOUGHT
2024-12-06,2024-12-06,27994.0,HOLD,BEARISH,BULLISH,OVERBOUGHT,OVERBOUGHT,OVERBOUGHT
2024-12-10,2024-12-10,27850.0,HOLD,BEARISH,BULLISH,OVERBOUGHT,OVERBOUGHT,OVERBOUGHT
2024-12-11,2024-12-11,27979.0,HOLD,BEARISH,BULLISH,OVERBOUGHT,OVERBOUGHT,OVERBOUGHT
2024-12-12,2024-12-12,28001.0,HOLD,BEARISH,BULLISH,OVERBOUGHT,OVERBOUGHT,OVERBOUGHT
2024-12-13,2024-12-13,28150.0,HOLD,BEARISH,BULLISH,OVERBOUGHT,OVERBOUGHT,OVERBOUGHT
2024-12-16,2024-12-16,28250.0,HOLD,BEARISH,BULLISH,OVERBOUGHT,OVERBOUGHT,OVERBOUGHT
2024-12-17,2024-12-17,28250.0,HOLD,BEARISH,BULLISH,OVERBOUGHT,OVERBOUGHT,OVERBOUGHT
2024-12-18,2024-12-18,28251.0,HOLD,BEARISH,BULLISH,OVERBOUGHT,OVERBOUGHT,
2024-12-19,2024-12-19,28250.0,HOLD,BEARISH,BULLISH,OVERBOUGHT,,
2024-12-20,2024-12-20,28350.0,HOLD,BEARISH,BULLISH,OVERBOUGHT,OVERBOUGHT,
2024-12-23,2024-12-23,28300.0,HOLD,BEARISH,BULLISH,OVERBOUGHT,OVERBOUGHT,
2024-12-24,2024-12-24,28350.0,HOLD,BEARISH,BULLISH,OVERBOUGHT,OVERBOUGHT,
2024-12-25,2024-12-25,28310.0,HOLD,BEARISH,BULLISH,OVERBOUGHT,,
2024-12-26,2024-12-26,28299.0,HOLD,BEARISH,BULLISH,OVERBOUGHT,,
2024-12-27,2024-12-27,28299.0,HOLD,BEARISH,BULLISH,,,
